0	0.6707288026809692
0	0.671150803565979
0	0.6041673421859741
0	0.5552938580513
0	0.40781646966934204
0	0.5501521825790405
0	0.4276416003704071
0	0.38747280836105347
0	0.49901264905929565
0	0.32835906744003296
0	0.4058498442173004
0	0.3990028202533722
0	0.5060091614723206
0	0.4422486126422882
0	0.4882153570652008
0	0.38914135098457336
0	0.6159734725952148
0	0.3977331817150116
0	0.5271832942962646
0	0.6427547335624695
0	0.3203781843185425
0	0.40031537413597107
0	0.23688259720802307
0	0.08884240686893463
0	0.12051592022180557
0	0.14734803140163422
0	0.2529292702674866
0	0.27847960591316223
0	0.24804094433784485
0	0.2591552734375
0	0.2827124297618866
0	0.49853515625
0	0.5690094232559204
0	0.696110725402832
0	0.680851936340332
1	0.7531794309616089
0	0.7429528832435608
1	0.83561110496521
1	0.7687816619873047
0	0.7058109045028687
0	0.5807495713233948
1	0.550164520740509
0	0.4662858843803406
0	0.34046605229377747
0	0.15421749651432037
0	0.20022447407245636
0	0.1777576059103012
0	0.3498912751674652
0	0.2497612088918686
0	0.2497272491455078
0	0.2538711726665497
0	0.30171722173690796
0	0.5210262537002563
0	0.29155460000038147
0	0.44008639454841614
0	0.4391476809978485
0	0.3633003234863281
1	0.5232678651809692
1	0.5214418172836304
1	0.5382174849510193
1	0.5088263750076294
1	0.7035781741142273
1	0.6565587520599365
1	0.710296094417572
1	0.6592998504638672
0	0.7475650310516357
0	0.4090700149536133
0	0.3865492045879364
0	0.34485799074172974
0	0.23880496621131897
0	0.24056699872016907
0	0.1998896598815918
0	0.3875986635684967
0	0.38945192098617554
0	0.437782883644104
0	0.4441717565059662
0	0.32925447821617126
1	0.6341952085494995
1	0.5092003345489502
1	0.5255258679389954
1	0.6596165895462036
0	0.6139766573905945
0	0.7059782147407532
1	0.716056764125824
0	0.6974376440048218
1	0.6996223330497742
0	0.7121750116348267
1	0.5662540197372437
0	0.34722259640693665
1	0.41416314244270325
0	0.2682274281978607
1	0.3071746826171875
0	0.3646024763584137
0	0.23271512985229492
0	0.3352150022983551
0	0.2512730360031128
0	0.48552677035331726
0	0.5358399748802185
0	0.1259215921163559
0	0.3763408064842224
0	0.38692012429237366
0	0.17939795553684235
0	0.5228066444396973
0	0.5512346029281616
0	0.41159555315971375
1	0.4537314176559448
0	0.42858821153640747
1	0.44439896941185
0	0.3809910714626312
0	0.37043988704681396
0	0.5543810725212097
0	0.3201656639575958
0	0.33319997787475586
0	0.4676068127155304
0	0.4568485915660858
0	0.4223107397556305
0	0.4824996590614319
0	0.4291352927684784
0	0.4953082501888275
0	0.43619734048843384
0	0.46751078963279724
0	0.27396392822265625
0	0.17921783030033112
0	0.37306830286979675
0	0.22413583099842072
0	0.1588371843099594
0	0.31336843967437744
0	0.16431646049022675
0	0.3351766765117645
0	0.5691364407539368
0	0.453759104013443
0	0.2991351783275604
0	0.2777373790740967
0	0.2560940682888031
0	0.30990225076675415
0	0.4379931688308716
0	0.35153189301490784
0	0.533397376537323
0	0.6640865802764893
0	0.7061394453048706
0	0.5385332703590393
0	0.5468114018440247
0	0.3115808963775635
0	0.3230646550655365
0	0.2485957145690918
0	0.15054893493652344
0	0.430619478225708
0	0.45687028765678406
0	0.2332797646522522
0	0.374972403049469
0	0.39005887508392334
0	0.18096622824668884
0	0.40165361762046814
0	0.3557456135749817
0	0.40808987617492676
0	0.29661259055137634
0	0.2548148036003113
0	0.4145088493824005
0	0.2829127013683319
0	0.5653770565986633
0	0.49171409010887146
0	0.6078753471374512
0	0.7093508839607239
0	0.7365928292274475
0	0.7281609773635864
0	0.7190036773681641
0	0.6540437340736389
0	0.6248226761817932
0	0.6800510883331299
0	0.5198689699172974
0	0.24719290435314178
0	0.5380806922912598
0	0.19187168776988983
0	0.27969521284103394
0	0.16249707341194153
0	0.10649669915437698
0	0.35735008120536804
0	0.29352590441703796
0	0.39275336265563965
0	0.2650645077228546
0	0.26142799854278564
0	0.2885599136352539
0	0.6564248204231262
0	0.5029773712158203
0	0.6388882398605347
0	0.7191463112831116
0	0.6363222599029541
0	0.37298157811164856
0	0.4246765077114105
0	0.3309859335422516
0	0.29683125019073486
0	0.3032039701938629
0	0.2701844573020935
0	0.34651875495910645
0	0.20892173051834106
0	0.4014734625816345
0	0.6104299426078796
0	0.35094907879829407
0	0.201633021235466
0	0.36824092268943787
0	0.19294373691082
0	0.26951009035110474
0	0.2653924822807312
0	0.2634996175765991
0	0.36361998319625854
0	0.4347759485244751
0	0.5636793375015259
0	0.3661084473133087
0	0.5461345314979553
0	0.5574766993522644
0	0.7232105731964111
0	0.7042235136032104
0	0.6697913408279419
0	0.7085101008415222
0	0.5317286252975464
0	0.5070265531539917
0	0.3978934586048126
0	0.24898084998130798
0	0.19375966489315033
0	0.21429213881492615
0	0.15372079610824585
0	0.3368869721889496
0	0.31484824419021606
0	0.29646503925323486
0	0.24481609463691711
0	0.2919849455356598
0	0.3657684326171875
0	0.6401937007904053
0	0.7213797569274902
0	0.5585646033287048
0	0.6633725166320801
0	0.4458794891834259
0	0.47114667296409607
0	0.4391348958015442
0	0.3491247594356537
0	0.25280654430389404
0	0.22722238302230835
0	0.3410557806491852
0	0.24965304136276245
0	0.42066869139671326
0	0.4476921260356903
0	0.3544485569000244
0	0.42593914270401
0	0.34254008531570435
0	0.3862437307834625
0	0.4041934311389923
0	0.3534252643585205
0	0.6052332520484924
0	0.5407164096832275
0	0.6595526933670044
0	0.6229572892189026
0	0.6481466293334961
0	0.6813997030258179
0	0.5338051319122314
0	0.18849600851535797
0	0.49417611956596375
0	0.18482519686222076
0	0.27815303206443787
0	0.08972863852977753
0	0.3462664484977722
0	0.2833162248134613
0	0.23508164286613464
0	0.28041648864746094
0	0.438610315322876
0	0.10761836916208267
0	0.29818031191825867
0	0.39793312549591064
0	0.32926198840141296
0	0.45448994636535645
0	0.4217138886451721
0	0.6807528138160706
0	0.5831481218338013
0	0.4777596890926361
0	0.4473561644554138
0	0.48458850383758545
0	0.4023027718067169
0	0.523245096206665
0	0.3163564205169678
0	0.4836237132549286
0	0.40030136704444885
0	0.4692368805408478
0	0.33464187383651733
0	0.4772058427333832
0	0.6349438428878784
0	0.6646181344985962
0	0.7155603170394897
0	0.6911702156066895
0	0.5491445064544678
0	0.6911044716835022
0	0.3121405839920044
0	0.6763997077941895
0	0.5655788779258728
0	0.5214011073112488
0	0.35156866908073425
0	0.6113091707229614
0	0.6241264343261719
0	0.3425179123878479
0	0.6305275559425354
0	0.5923304557800293
0	0.6892063617706299
0	0.2828143239021301
0	0.4535549581050873
0	0.5485488772392273
0	0.6112897992134094
0	0.6464077830314636
0	0.6256057024002075
0	0.668380081653595
0	0.39612647891044617
0	0.6004783511161804
0	0.7013813853263855
1	0.7153483629226685
1	0.6841219067573547
1	0.48784419894218445
1	0.7116608619689941
0	0.36076757311820984
0	0.42401570081710815
0	0.44211509823799133
0	0.42856499552726746
0	0.35534992814064026
0	0.3001728057861328
0	0.5056979060173035
0	0.7086115479469299
0	0.561403214931488
0	0.19054582715034485
0	0.33855634927749634
0	0.6193342804908752
0	0.43109533190727234
0	0.1287403404712677
0	0.3589097857475281
0	0.22392579913139343
0	0.2841016948223114
0	0.5059067010879517
0	0.42641082406044006
1	0.6231520175933838
1	0.318557471036911
1	0.5260083675384521
1	0.40738263726234436
1	0.6886931657791138
1	0.7014315724372864
0	0.3095545768737793
0	0.6594703793525696
0	0.6670826077461243
0	0.43410587310791016
0	0.22001497447490692
0	0.4338859021663666
0	0.35610225796699524
0	0.4957878887653351
0	0.519810676574707
0	0.599809467792511
0	0.5377389192581177
0	0.5416512489318848
0	0.570399284362793
0	0.6166964769363403
0	0.5685843825340271
0	0.3442617952823639
0	0.4792514741420746
0	0.3309246003627777
0	0.45188242197036743
0	0.32727497816085815
0	0.6091424822807312
0	0.7004473209381104
0	0.6111767292022705
0	0.6666150689125061
0	0.6526901125907898
0	0.5524855256080627
0	0.5989460349082947
0	0.7054258584976196
0	0.6475654244422913
0	0.6818834543228149
0	0.5110291838645935
0	0.662647545337677
0	0.31953686475753784
0	0.5920491814613342
0	0.1910189986228943
0	0.5631559491157532
0	0.5843166708946228
0	0.5895201563835144
0	0.6036916375160217
0	0.6081669330596924
0	0.4273330271244049
0	0.30030208826065063
1	0.6365622282028198
1	0.5698773860931396
1	0.6130216121673584
1	0.6890503764152527
0	0.5421396493911743
0	0.4436032176017761
0	0.5010291934013367
1	0.21737372875213623
0	0.5559412240982056
0	0.6742063760757446
0	0.3768993318080902
0	0.15453092753887177
1	0.5181329846382141
1	0.3926365077495575
0	0.4929780960083008
1	0.7204031944274902
0	0.7433815598487854
0	0.7698475122451782
1	0.7610203623771667
1	0.7131275534629822
0	0.7060593366622925
1	0.6683492064476013
1	0.6417692303657532
0	0.5853751301765442
0	0.6687995195388794
0	0.40339288115501404
0	0.5886251926422119
0	0.38226157426834106
0	0.5475720167160034
0	0.6382056474685669
0	0.6859651207923889
0	0.6460126042366028
0	0.7164018750190735
0	0.495148628950119
0	0.679961085319519
0	0.4979831576347351
0	0.5218240022659302
0	0.4410768747329712
0	0.5215270519256592
0	0.6741381287574768
0	0.6405490040779114
0	0.6700502634048462
0	0.3846268951892853
0	0.6621043682098389
0	0.5982446074485779
0	0.29608431458473206
0	0.3978815972805023
0	0.25955983996391296
0	0.42320001125335693
0	0.4023216962814331
0	0.5691406726837158
0	0.4998123049736023
0	0.5940582156181335
0	0.5386580228805542
0	0.6168051362037659
0	0.49847081303596497
0	0.3283390402793884
0	0.4322550296783447
0	0.6682199239730835
0	0.5830348134040833
0	0.6689374446868896
0	0.4441264569759369
0	0.7091788053512573
0	0.5050744414329529
0	0.7291451692581177
0	0.6714791059494019
0	0.7309219837188721
0	0.7319431900978088
0	0.7225455641746521
0	0.5652899742126465
0	0.6704552173614502
0	0.34006306529045105
0	0.5947003960609436
0	0.47331702709198
0	0.6990634799003601
0	0.5687810182571411
0	0.5369665026664734
0	0.6798292398452759
0	0.6427436470985413
0	0.2515229880809784
0	0.34470441937446594
0	0.700016438961029
0	0.4069852828979492
0	0.19716325402259827
0	0.5917463302612305
0	0.2652004659175873
0	0.5735074281692505
0	0.658746600151062
0	0.7163037657737732
0	0.706342875957489
0	0.7411076426506042
0	0.5789743065834045
0	0.686899721622467
0	0.4445593059062958
0	0.7229940891265869
0	0.5525736212730408
0	0.5450983047485352
0	0.6604886054992676
0	0.6904615759849548
0	0.6598515510559082
0	0.6495835781097412
0	0.3558010160923004
0	0.5878019332885742
0	0.4548923373222351
0	0.47942420840263367
0	0.48403504490852356
0	0.6314325332641602
0	0.7447578310966492
0	0.36353129148483276
0	0.4325542747974396
0	0.4558272361755371
0	0.3446565568447113
1	0.2861648499965668
1	0.23652313649654388
0	0.34375399351119995
0	0.5275341272354126
1	0.47596433758735657
0	0.45248329639434814
1	0.2125905305147171
1	0.2558979094028473
1	0.5113803744316101
1	0.3556159734725952
1	0.050860680639743805
1	0.21729253232479095
0	0.33079981803894043
0	0.4817003309726715
0	0.492666095495224
0	0.7531383037567139
0	0.7193052768707275
0	0.6511017680168152
0	0.6423477530479431
0	0.38358837366104126
0	0.46572038531303406
0	0.2216479331254959
0	0.6497058272361755
0	0.23340600728988647
1	0.4848044812679291
1	0.7067543864250183
1	0.5014916658401489
1	0.21832415461540222
0	0.42776039242744446
0	0.3758357763290405
1	0.6752031445503235
0	0.5317209959030151
0	0.615783154964447
1	0.6707215309143066
1	0.2940964698791504
1	0.33424556255340576
1	0.3756427466869354
0	0.41252225637435913
1	0.44132280349731445
0	0.49005749821662903
0	0.25177454948425293
0	0.29302892088890076
0	0.2574898898601532
0	0.5409045815467834
0	0.37013304233551025
0	0.5628056526184082
0	0.40778017044067383
0	0.6416689157485962
0	0.26812875270843506
0	0.26258742809295654
0	0.3645326495170593
0	0.5158360004425049
0	0.40333616733551025
0	0.2353667914867401
0	0.4983246624469757
0	0.41635674238204956
0	0.4231397211551666
0	0.4246635138988495
0	0.41299283504486084
0	0.5292847156524658
0	0.6565268039703369
0	0.7084792852401733
1	0.7174126505851746
0	0.6720179915428162
1	0.6999958753585815
0	0.5471736192703247
0	0.386715829372406
0	0.4467519521713257
0	0.35865017771720886
0	0.21384881436824799
0	0.449688196182251
0	0.2920903265476227
0	0.46731457114219666
0	0.6428165435791016
0	0.6926860809326172
0	0.6719087362289429
0	0.3119488060474396
0	0.5133180618286133
0	0.4933299422264099
0	0.3330013155937195
1	0.4640454053878784
1	0.5189375281333923
0	0.5775254368782043
0	0.496845006942749
0	0.28044623136520386
0	0.2828212082386017
0	0.47047707438468933
0	0.41502729058265686
0	0.6768982410430908
0	0.6506602764129639
0	0.4055239260196686
0	0.5979620814323425
0	0.6333140134811401
1	0.6940252184867859
1	0.7054417133331299
0	0.4003925621509552
1	0.5979487895965576
1	0.6927298307418823
0	0.5909406542778015
0	0.7001439929008484
0	0.6344934105873108
0	0.544268012046814
0	0.5767384171485901
0	0.6996384263038635
0	0.6337501406669617
0	0.7277007699012756
0	0.6967083215713501
0	0.6716533899307251
0	0.7593637108802795
0	0.7039546370506287
0	0.6828765869140625
0	0.7141198515892029
0	0.564739465713501
0	0.6328470706939697
1	0.7065073847770691
0	0.6053768992424011
0	0.54520583152771
1	0.7497921586036682
0	0.6992335319519043
0	0.5270804166793823
1	0.750799834728241
1	0.7229781150817871
0	0.644140899181366
1	0.6845129728317261
1	0.7313828468322754
1	0.48915261030197144
1	0.5888964533805847
1	0.7153958082199097
1	0.7797061800956726
0	0.6631537079811096
0	0.7277815341949463
0	0.46008938550949097
0	0.5711436867713928
0	0.46442726254463196
0	0.32416418194770813
1	0.48937249183654785
0	0.3978358209133148
0	0.6687116622924805
0	0.6745022535324097
0	0.541534960269928
0	0.5996005535125732
0	0.5901757478713989
0	0.5299712419509888
0	0.7231236696243286
0	0.7551534175872803
0	0.7370902299880981
0	0.7007127404212952
0	0.741392195224762
0	0.6909843683242798
0	0.702750027179718
0	0.6511017680168152
0	0.40508443117141724
0	0.456028014421463
0	0.3588269352912903
0	0.27378353476524353
0	0.41821426153182983
0	0.6250931620597839
0	0.29718953371047974
0	0.5068178176879883
0	0.7061758637428284
0	0.6164795756340027
0	0.6302669644355774
0	0.7423185110092163
1	0.7519716024398804
0	0.48257479071617126
0	0.7206171751022339
0	0.8048104047775269
1	0.8327096700668335
0	0.7665036916732788
0	0.7803384065628052
0	0.7227279543876648
0	0.588387131690979
0	0.7501190900802612
0	0.6372768878936768
0	0.6517984867095947
0	0.691368043422699
0	0.44782882928848267
0	0.7369372248649597
0	0.6881564855575562
0	0.5265177488327026
0	0.7099588513374329
0	0.7188961505889893
0	0.7394483089447021
0	0.7309647798538208
0	0.7275493741035461
0	0.7755762338638306
0	0.7465844750404358
0	0.717430591583252
0	0.6986631155014038
0	0.6760183572769165
0	0.7541338801383972
0	0.5657840967178345
0	0.5659414529800415
0	0.6479939222335815
1	0.48552367091178894
0	0.6427698135375977
1	0.7129979729652405
1	0.7155454158782959
0	0.7009569406509399
1	0.5617020130157471
0	0.3625274896621704
0	0.5860893726348877
0	0.6258202195167542
0	0.7296882271766663
0	0.7369219660758972
1	0.7276222109794617
1	0.7187004089355469
0	0.6069827079772949
1	0.6619368195533752
0	0.749240517616272
0	0.5025006532669067
0	0.6856653690338135
0	0.6623408794403076
0	0.6649131774902344
0	0.39897820353507996
0	0.23664624989032745
0	0.6106439828872681
0	0.633820652961731
1	0.6959673166275024
0	0.7483622431755066
0	0.5921473503112793
1	0.540997326374054
1	0.7159525156021118
1	0.7503238320350647
1	0.7284039855003357
1	0.6769919991493225
0	0.46550363302230835
0	0.4197693169116974
0	0.6021881103515625
0	0.6644201874732971
0	0.7716213464736938
0	0.7238031029701233
0	0.6920822262763977
0	0.7252742052078247
0	0.7360445261001587
0	0.7069598436355591
0	0.7057964205741882
0	0.560049295425415
0	0.5116576552391052
0	0.6815452575683594
0	0.6753931045532227
0	0.745772659778595
0	0.7466232180595398
0	0.7170759439468384
0	0.733203649520874
0	0.668668806552887
0	0.6675552725791931
0	0.484794020652771
0	0.29254162311553955
0	0.4577154517173767
0	0.6551796197891235
0	0.3831736743450165
0	0.5262815952301025
0	0.7427679896354675
0	0.4216342270374298
0	0.5123172402381897
0	0.6944379806518555
0	0.5498786568641663
0	0.6236282587051392
0	0.6657889485359192
0	0.6740045547485352
0	0.7312822937965393
0	0.6439037919044495
0	0.7006884813308716
0	0.5835579633712769
0	0.607183039188385
0	0.46881017088890076
0	0.2889404594898224
0	0.6711010932922363
0	0.4375368058681488
0	0.5067389607429504
0	0.32628241181373596
0	0.5694310069084167
0	0.5015701651573181
0	0.643869936466217
0	0.7594477534294128
0	0.733646035194397
0	0.6988914608955383
0	0.4744689464569092
0	0.47902143001556396
0	0.568425714969635
0	0.5088078379631042
0	0.7191576957702637
0	0.628984808921814
0	0.2980276048183441
0	0.4383101165294647
0	0.49007242918014526
0	0.3555474877357483
0	0.6271632313728333
0	0.6318550705909729
0	0.5616012215614319
0	0.6575250029563904
0	0.7225558757781982
0	0.6465278267860413
0	0.5891865491867065
0	0.5430136322975159
0	0.6534827947616577
0	0.39206841588020325
0	0.6819615960121155
0	0.5795866847038269
0	0.6301894187927246
0	0.644320547580719
0	0.5052764415740967
0	0.6589457988739014
0	0.7037270069122314
0	0.7075139284133911
0	0.7195820212364197
0	0.7317764759063721
0	0.787003219127655
0	0.8044859766960144
0	0.7463175654411316
0	0.7658661603927612
0	0.7517973780632019
0	0.6552084684371948
0	0.652268648147583
0	0.6304168701171875
0	0.6534699201583862
0	0.6540595293045044
0	0.6525143384933472
0	0.649563729763031
0	0.6982423067092896
0	0.7174984812736511
0	0.7426888942718506
0	0.7136015295982361
0	0.6712409257888794
0	0.7032079100608826
0	0.6855300664901733
0	0.6379019618034363
0	0.6277905702590942
0	0.5107475519180298
0	0.5236768126487732
0	0.5514390468597412
0	0.49304038286209106
0	0.5508283376693726
0	0.6159012317657471
0	0.6732679605484009
1	0.6671297550201416
0	0.7168543338775635
1	0.7416068911552429
1	0.7254177331924438
1	0.7222333550453186
0	0.7248831391334534
1	0.7201069593429565
1	0.6969878077507019
1	0.6762478351593018
1	0.6899648904800415
0	0.7121134400367737
1	0.7077237963676453
0	0.7150524854660034
0	0.661248505115509
0	0.5999953746795654
0	0.6983585953712463
0	0.7245923280715942
0	0.7016602754592896
0	0.7227957248687744
0	0.7343205809593201
0	0.7315981984138489
0	0.7765979766845703
0	0.7668193578720093
0	0.7705190181732178
0	0.7107016444206238
0	0.7062585949897766
0	0.7204843163490295
0	0.6347292065620422
0	0.6797540187835693
0	0.5708720088005066
0	0.6656126976013184
0	0.5427443385124207
1	0.7405791282653809
1	0.5305912494659424
1	0.6608561873435974
1	0.7279843688011169
1	0.7280578017234802
1	0.7516117691993713
1	0.7369199395179749
1	0.7165429592132568
0	0.6821343302726746
0	0.5702937841415405
0	0.6579505801200867
0	0.6269464492797852
0	0.6437103748321533
0	0.6363568902015686
0	0.6706238985061646
0	0.41679707169532776
0	0.5657765865325928
0	0.3794671297073364
0	0.5086274743080139
0	0.6178730726242065
0	0.6563109755516052
0	0.6615172624588013
0	0.7239277958869934
0	0.706942617893219
0	0.6722276210784912
0	0.65497225522995
0	0.5685068368911743
0	0.556637704372406
0	0.5267834663391113
0	0.6118646264076233
0	0.528965175151825
0	0.5789726376533508
0	0.5074713826179504
0	0.4257829189300537
0	0.684948742389679
0	0.485085129737854
0	0.5016226768493652
0	0.28832733631134033
0	0.3745605945587158
1	0.5422856211662292
0	0.5730730891227722
1	0.6890198588371277
0	0.6187911033630371
0	0.5938970446586609
0	0.3847249746322632
1	0.4442578852176666
0	0.5105855464935303
0	0.6111276149749756
0	0.5134598612785339
0	0.5896828174591064
0	0.2872176766395569
0	0.45424386858940125
0	0.32149431109428406
0	0.5742847919464111
0	0.6230400204658508
0	0.4695213735103607
0	0.6499180793762207
0	0.6169357895851135
0	0.7725507616996765
0	0.7241829037666321
0	0.6978374719619751
0	0.7338120341300964
0	0.7199028730392456
0	0.6848400235176086
0	0.5840387344360352
0	0.6638699769973755
0	0.5600627660751343
0	0.5628549456596375
0	0.4580094516277313
0	0.5594809651374817
0	0.5936726331710815
0	0.6062358617782593
0	0.3924520015716553
0	0.6446830630302429
0	0.48824644088745117
0	0.6373254060745239
0	0.5827769637107849
0	0.5704454779624939
0	0.4907423257827759
0	0.41743943095207214
0	0.4764167368412018
1	0.4826720654964447
1	0.4103757441043854
1	0.6054917573928833
1	0.7298061847686768
1	0.7338422536849976
0	0.7103151082992554
1	0.5864297151565552
1	0.626010537147522
1	0.47398942708969116
0	0.5411144495010376
0	0.48929324746131897
0	0.654777467250824
0	0.5431916117668152
0	0.5991740226745605
0	0.7158023715019226
0	0.723341703414917
0	0.7184031009674072
0	0.6712311506271362
0	0.606074869632721
0	0.623822808265686
0	0.4704433083534241
0	0.45616915822029114
0	0.4568468928337097
1	0.6256951689720154
1	0.5838025212287903
1	0.6535781621932983
1	0.6503509283065796
0	0.7501584887504578
0	0.6529850363731384
0	0.6284131407737732
0	0.6669591665267944
0	0.7168722748756409
0	0.7091634273529053
0	0.5275731682777405
0	0.6272021532058716
0	0.6875255703926086
0	0.612403154373169
0	0.4958256185054779
0	0.34853944182395935
0	0.6681503653526306
0	0.7318750023841858
0	0.6992354989051819
0	0.7162588834762573
0	0.7435504198074341
0	0.734857439994812
0	0.5841925740242004
0	0.5707064270973206
0	0.6839926838874817
0	0.6647477149963379
0	0.6470979452133179
0	0.6603116989135742
0	0.6784715056419373
0	0.7164145708084106
0	0.7096526622772217
0	0.6629016399383545
0	0.6875775456428528
0	0.6398096680641174
0	0.7156208157539368
0	0.6689340472221375
0	0.6963935494422913
0	0.5582135319709778
0	0.7427729368209839
0	0.6618191599845886
1	0.5324687361717224
1	0.6691242456436157
1	0.564189076423645
0	0.6791330575942993
0	0.7461668252944946
0	0.6585113406181335
0	0.6172516345977783
0	0.6125680804252625
0	0.6578945517539978
0	0.5884772539138794
0	0.653510570526123
0	0.43246492743492126
0	0.7011573314666748
0	0.5352568030357361
0	0.6244930624961853
0	0.5528339147567749
0	0.6732701659202576
0	0.65565425157547
0	0.5607614517211914
0	0.6160027980804443
0	0.5881689786911011
0	0.7200912237167358
0	0.709358274936676
0	0.6936392784118652
0	0.3848908245563507
1	0.6876627802848816
1	0.6488303542137146
1	0.6117762923240662
1	0.5269895195960999
0	0.5672661662101746
0	0.6133988499641418
0	0.7126868963241577
1	0.6814586520195007
1	0.7821921706199646
1	0.6985161304473877
0	0.7190653681755066
0	0.6927475929260254
0	0.7465531826019287
0	0.7402536273002625
0	0.7173287272453308
0	0.7102195620536804
0	0.684888482093811
0	0.769896924495697
0	0.46212324500083923
0	0.6655405163764954
0	0.5563915371894836
0	0.6909737586975098
0	0.6364548206329346
0	0.4706110954284668
0	0.5731841921806335
0	0.6782336235046387
0	0.6991159319877625
0	0.7109798789024353
0	0.47082287073135376
0	0.7067059278488159
0	0.6931892037391663
0	0.6745737791061401
1	0.6687796711921692
1	0.6784815192222595
0	0.5068140625953674
0	0.6246967315673828
0	0.5960488319396973
0	0.6351749300956726
0	0.6156063079833984
1	0.7010391354560852
1	0.7713806629180908
0	0.7208406925201416
0	0.7032917737960815
0	0.7181341648101807
0	0.598973274230957
0	0.5192369222640991
0	0.7074063420295715
0	0.643271803855896
0	0.7573254704475403
0	0.8064953088760376
0	0.7375593185424805
0	0.5129605531692505
0	0.7956433892250061
0	0.7360779643058777
0	0.7194874286651611
0	0.7509738206863403
0	0.7321730852127075
0	0.43898212909698486
0	0.5382501482963562
0	0.7272506356239319
0	0.7689135074615479
0	0.6895288228988647
0	0.6201847195625305
0	0.40112122893333435
0	0.5483237504959106
0	0.4850085377693176
0	0.321662038564682
0	0.5687374472618103
1	0.4258519411087036
0	0.41341081261634827
1	0.7434019446372986
0	0.5989286303520203
0	0.3967736065387726
1	0.5950967073440552
1	0.6815348863601685
1	0.7040095925331116
1	0.7875654101371765
1	0.7945342063903809
0	0.7254894971847534
1	0.7610349059104919
1	0.5338010787963867
1	0.7633882164955139
1	0.6604061126708984
1	0.5549858212471008
0	0.3222833573818207
0	0.42510977387428284
0	0.38925114274024963
0	0.6621353030204773
0	0.5677505135536194
0	0.7040454149246216
0	0.6569998264312744
0	0.5477851629257202
0	0.709488570690155
0	0.7808822989463806
0	0.556646466255188
0	0.7039073705673218
0	0.8113175630569458
0	0.8490918278694153
0	0.7940868735313416
0	0.798659086227417
0	0.722628116607666
0	0.6828165054321289
0	0.7398493885993958
0	0.5609738230705261
1	0.6057962775230408
0	0.2892247140407562
0	0.6945186257362366
0	0.39838021993637085
1	0.5920135974884033
1	0.6977303624153137
1	0.5012112259864807
1	0.678610622882843
0	0.7220616936683655
1	0.7137941122055054
1	0.7409104108810425
1	0.7460393309593201
1	0.7827169895172119
1	0.7224987745285034
1	0.6753069758415222
1	0.48815444111824036
1	0.6688914895057678
1	0.4692796766757965
1	0.6509584188461304
1	0.6416321992874146
0	0.47535958886146545
1	0.5748908519744873
0	0.44895032048225403
0	0.539065420627594
0	0.6526930928230286
0	0.5640023350715637
0	0.6862642765045166
0	0.6600500345230103
0	0.6453314423561096
0	0.7271695733070374
0	0.5182784199714661
0	0.5989879369735718
0	0.6907736659049988
0	0.6937885880470276
0	0.5405584573745728
0	0.5672223567962646
0	0.650662899017334
0	0.30682092905044556
0	0.4209853410720825
0	0.4068755507469177
0	0.4746871590614319
0	0.22510987520217896
0	0.3370510935783386
0	0.25636833906173706
0	0.6355199217796326
0	0.4553239643573761
0	0.5110441446304321
1	0.6758767366409302
0	0.4328971803188324
0	0.7043063044548035
0	0.6548106670379639
0	0.7007414102554321
1	0.6505404710769653
1	0.7324857711791992
1	0.5509188175201416
1	0.7283744215965271
1	0.7309001088142395
0	0.37877073884010315
0	0.1939699798822403
0	0.5640948414802551
0	0.44872862100601196
0	0.6161725521087646
1	0.5528194904327393
0	0.42212677001953125
0	0.7003248929977417
0	0.49708065390586853
1	0.7370210886001587
0	0.547327995300293
1	0.7268025875091553
1	0.7021368145942688
0	0.6342339515686035
0	0.6616230010986328
0	0.5143068432807922
0	0.5605780482292175
0	0.5482221245765686
0	0.7108643054962158
0	0.7163153886795044
0	0.709984540939331
0	0.6853817701339722
0	0.6329225897789001
0	0.45076990127563477
0	0.6738954186439514
0	0.27018389105796814
0	0.5605261325836182
0	0.4414537250995636
0	0.47538307309150696
0	0.7151809334754944
0	0.3102836012840271
0	0.6307729482650757
0	0.5760036110877991
0	0.4140651822090149
0	0.47619688510894775
0	0.1562042236328125
0	0.36661285161972046
0	0.22038796544075012
0	0.5408297777175903
0	0.13350407779216766
0	0.536135196685791
0	0.500374972820282
0	0.43355923891067505
0	0.45761027932167053
0	0.40512698888778687
0	0.4816642701625824
0	0.22925914824008942
0	0.4027757942676544
0	0.40682461857795715
0	0.5412604212760925
0	0.5231262445449829
1	0.6887456774711609
1	0.7070077657699585
1	0.5837427973747253
1	0.76277095079422
1	0.7611180543899536
1	0.7532974481582642
1	0.7457485795021057
0	0.7256946563720703
1	0.7023557424545288
0	0.6294004917144775
0	0.694949746131897
0	0.42544129490852356
0	0.6670231819152832
0	0.15823325514793396
0	0.6780731081962585
0	0.5636410117149353
0	0.6966590285301208
0	0.678753137588501
0	0.7011628150939941
0	0.3918028771877289
0	0.4827686846256256
0	0.6583833694458008
0	0.6915981769561768
0	0.6840946674346924
0	0.5780699849128723
1	0.4518316090106964
1	0.299686998128891
1	0.4123826026916504
1	0.5522286891937256
0	0.303682804107666
0	0.4629862606525421
0	0.41113170981407166
0	0.445928156375885
0	0.7051668167114258
0	0.6577171087265015
0	0.7506111860275269
0	0.7252646088600159
0	0.7173447012901306
0	0.657177209854126
0	0.5066239833831787
0	0.2754420042037964
0	0.6150674819946289
0	0.3231774866580963
1	0.6577923893928528
1	0.6625999212265015
1	0.5848353505134583
1	0.19691984355449677
0	0.28601881861686707
0	0.1936904937028885
0	0.3213120102882385
0	0.4002477526664734
0	0.39125320315361023
0	0.5043171048164368
0	0.3339388966560364
0	0.4161265194416046
1	0.3254949450492859
1	0.3809877336025238
1	0.31108763813972473
1	0.3277079463005066
1	0.4885125160217285
1	0.4400728940963745
0	0.44938188791275024
1	0.37289509177207947
0	0.4450089931488037
1	0.5035374760627747
1	0.49277180433273315
0	0.4871521592140198
0	0.43612635135650635
1	0.5629083514213562
0	0.37276485562324524
0	0.21887601912021637
0	0.23328958451747894
0	0.44857120513916016
0	0.28722259402275085
0	0.09060947597026825
0	0.39851659536361694
0	0.4281396269798279
0	0.47658753395080566
0	0.6728391051292419
0	0.7041786909103394
0	0.7307193279266357
0	0.7638381719589233
0	0.726419985294342
0	0.6964679956436157
0	0.5788348913192749
0	0.549731433391571
0	0.4059620499610901
0	0.18792788684368134
0	0.5359299778938293
0	0.2927939295768738
0	0.4807984530925751
0	0.7053594589233398
0	0.6270695328712463
0	0.3521304428577423
0	0.6386677026748657
0	0.37309730052948
0	0.6293875575065613
0	0.6798065900802612
0	0.4287201762199402
0	0.5148831605911255
0	0.2442200779914856
0	0.5338959693908691
0	0.4891341030597687
0	0.5653848052024841
0	0.4727345407009125
0	0.4926548898220062
0	0.48170459270477295
0	0.4840301275253296
0	0.6055735349655151
0	0.49350854754447937
0	0.5388371348381042
0	0.6292746663093567
0	0.6916848421096802
0	0.5790675282478333
0	0.6272876858711243
0	0.5292766094207764
0	0.7219904661178589
0	0.6898184418678284
0	0.7285294532775879
0	0.6322600245475769
0	0.7066702246665955
0	0.5847632884979248
0	0.6817026138305664
0	0.693670928478241
0	0.6826150417327881
0	0.4707436263561249
0	0.676760733127594
0	0.5609399080276489
0	0.6075689792633057
0	0.5902668237686157
0	0.6134329438209534
0	0.48142918944358826
0	0.6033608913421631
0	0.6231492161750793
0	0.6741655468940735
0	0.615111768245697
0	0.5467752814292908
0	0.41282588243484497
0	0.5746283531188965
0	0.5878612399101257
0	0.6165835857391357
0	0.632273256778717
0	0.5418143272399902
0	0.54600590467453
0	0.6123068928718567
0	0.48048296570777893
0	0.7008031606674194
0	0.521167516708374
0	0.5373648405075073
0	0.6468802094459534
0	0.5859370231628418
0	0.549285888671875
0	0.455517441034317
0	0.4713393449783325
0	0.6920531988143921
0	0.5165017247200012
0	0.6736097931861877
0	0.6332712769508362
0	0.7207334637641907
0	0.6768836975097656
0	0.7261902093887329
1	0.7369803786277771
1	0.6809969544410706
1	0.6756439208984375
1	0.6109569072723389
1	0.5442640781402588
1	0.7086217999458313
1	0.6933077573776245
1	0.7301007509231567
1	0.7345491051673889
0	0.7067837119102478
0	0.6923909783363342
0	0.7046412229537964
0	0.7141571640968323
0	0.7040188312530518
1	0.6116767525672913
1	0.5122151374816895
1	0.598741888999939
0	0.6144391894340515
1	0.5051647424697876
0	0.6103449463844299
0	0.6425508260726929
0	0.5708582401275635
0	0.583463728427887
0	0.6756037473678589
0	0.6758632659912109
0	0.6735171675682068
0	0.7006715536117554
0	0.6361059546470642
0	0.48382532596588135
0	0.7051452398300171
0	0.5968942046165466
0	0.6709114909172058
0	0.6692348122596741
0	0.6980502605438232
0	0.591208815574646
0	0.6460090279579163
0	0.6333289742469788
0	0.452129989862442
0	0.4991592764854431
0	0.5036700963973999
1	0.5050218105316162
1	0.5371153354644775
1	0.5167407989501953
1	0.5599846243858337
0	0.7129303216934204
0	0.6410325169563293
0	0.6323180198669434
0	0.5382871627807617
0	0.6330908536911011
0	0.4438428580760956
0	0.6749875545501709
0	0.6932440400123596
0	0.6499937176704407
0	0.524718701839447
0	0.6198852062225342
0	0.6904271841049194
0	0.7030310034751892
0	0.6695748567581177
0	0.7275280952453613
0	0.7424830794334412
0	0.7098880410194397
0	0.7145703434944153
0	0.7099724411964417
0	0.674728512763977
0	0.6952301263809204
0	0.671513557434082
0	0.6617157459259033
0	0.6200786232948303
0	0.4382809102535248
1	0.6831029653549194
1	0.6508834958076477
1	0.689729630947113
1	0.6804670095443726
1	0.6289020776748657
1	0.6952041387557983
1	0.5653721690177917
1	0.7052067518234253
0	0.6007792353630066
0	0.6466494202613831
0	0.6292926073074341
0	0.6878083348274231
0	0.6828432679176331
1	0.6777554750442505
1	0.7002958059310913
1	0.5758104920387268
1	0.6555655598640442
1	0.641527533531189
0	0.46345409750938416
0	0.6489620208740234
0	0.6038675308227539
0	0.7103680372238159
0	0.7111232876777649
0	0.7294674515724182
0	0.6765769124031067
0	0.6594120264053345
1	0.6617565751075745
1	0.6820887327194214
1	0.6910276412963867
1	0.7183865904808044
0	0.6556360721588135
0	0.5788086652755737
0	0.626996636390686
0	0.605742335319519
0	0.4922962486743927
0	0.5097759962081909
0	0.6272536516189575
0	0.5978343486785889
0	0.629581093788147
0	0.6848050951957703
0	0.6011132597923279
0	0.5678819417953491
0	0.6435465216636658
0	0.5186561346054077
0	0.6113200783729553
0	0.5608205795288086
0	0.6225927472114563
0	0.6660857796669006
0	0.5622970461845398
0	0.6653797626495361
0	0.6396107077598572
0	0.5330147743225098
0	0.6041591167449951
0	0.5906940698623657
0	0.717945396900177
0	0.71976238489151
0	0.7142063975334167
0	0.6728073954582214
0	0.6704878807067871
0	0.6011942028999329
0	0.6548488140106201
0	0.7101215124130249
0	0.6491241455078125
0	0.6334480047225952
0	0.6949094533920288
0	0.6186960339546204
0	0.5433749556541443
0	0.6912012696266174
0	0.5748212337493896
0	0.730172336101532
0	0.7286180853843689
0	0.6751903295516968
0	0.6467492580413818
0	0.7212038636207581
0	0.6924036145210266
0	0.7368693947792053
0	0.6756321787834167
0	0.7290361523628235
0	0.7243314981460571
0	0.7472047805786133
0	0.7266261577606201
0	0.7486293911933899
0	0.7321918606758118
0	0.7244462370872498
0	0.717212438583374
0	0.702483594417572
0	0.698586106300354
0	0.6657058000564575
0	0.6024017333984375
0	0.6726590991020203
0	0.6834110617637634
0	0.6593270897865295
0	0.6552271842956543
0	0.707372784614563
0	0.7065994143486023
0	0.7032225131988525
0	0.6762837171554565
0	0.6995550394058228
0	0.7022593021392822
0	0.682102382183075
0	0.6669522523880005
0	0.7237588763237
0	0.7241448163986206
0	0.5915418863296509
0	0.6632058620452881
0	0.624559760093689
0	0.5043158531188965
0	0.5399203896522522
0	0.6734488010406494
0	0.646789014339447
0	0.6350482702255249
0	0.7073759436607361
0	0.7156487703323364
0	0.7220401763916016
0	0.6676028370857239
0	0.5219203233718872
0	0.6577198505401611
0	0.536895215511322
0	0.6614387035369873
0	0.6165528893470764
0	0.6414155960083008
0	0.5081408023834229
0	0.406749963760376
0	0.6005063056945801
0	0.4496058225631714
0	0.6851726770401001
0	0.5646936893463135
0	0.6106047034263611
0	0.6956169009208679
0	0.6359264850616455
0	0.5854156613349915
0	0.6560104489326477
0	0.6268084049224854
0	0.4943448007106781
0	0.7163680791854858
0	0.5228610038757324
0	0.7226352691650391
0	0.7161040902137756
0	0.5831953883171082
0	0.7360867261886597
0	0.6639185547828674
0	0.6932289600372314
0	0.6632686853408813
0	0.6499248743057251
0	0.7162173986434937
0	0.6079182624816895
0	0.5397744178771973
0	0.6825569272041321
0	0.5731178522109985
0	0.709587812423706
0	0.5745641589164734
0	0.6141808032989502
0	0.6776793599128723
0	0.709229588508606
0	0.6352747678756714
1	0.5279830098152161
0	0.6828922033309937
1	0.48170071840286255
0	0.36304429173469543
0	0.3964112102985382
1	0.3458690345287323
0	0.21557678282260895
1	0.2908767759799957
0	0.40956568717956543
1	0.385738730430603
1	0.3555404245853424
1	0.5178950428962708
0	0.6439093947410583
0	0.7046468257904053
1	0.7333299517631531
0	0.6858502626419067
0	0.5944722294807434
0	0.600064754486084
1	0.6702240705490112
1	0.6532548666000366
1	0.4931870698928833
1	0.5898928046226501
1	0.704995334148407
1	0.7440527081489563
1	0.7021186351776123
1	0.7008091807365417
1	0.6666408777236938
1	0.2367904633283615
0	0.2642195522785187
0	0.30935195088386536
0	0.37156611680984497
0	0.46836623549461365
0	0.4746805727481842
0	0.5611717104911804
0	0.6506887674331665
0	0.546966016292572
0	0.3255823254585266
0	0.591336727142334
0	0.6804211735725403
0	0.4564053416252136
0	0.6636942028999329
0	0.5396358370780945
0	0.49234214425086975
0	0.6123745441436768
0	0.6597935557365417
0	0.6048128604888916
0	0.6440775394439697
0	0.7084216475486755
0	0.7084227204322815
0	0.7492420077323914
0	0.7430078983306885
0	0.7217066287994385
0	0.7056766152381897
0	0.6516567468643188
0	0.6960311532020569
0	0.6638524532318115
0	0.7236480116844177
0	0.7336397767066956
0	0.7416724562644958
0	0.7318733334541321
0	0.7266286015510559
0	0.7085815072059631
0	0.6660913825035095
0	0.7129064798355103
0	0.4678215980529785
0	0.49207285046577454
0	0.381879597902298
0	0.474452942609787
0	0.41545623540878296
0	0.4446215033531189
0	0.4362430274486542
0	0.4246310293674469
0	0.6381457448005676
0	0.44301655888557434
0	0.34327951073646545
0	0.42282870411872864
0	0.51438969373703
0	0.38637468218803406
0	0.33224838972091675
0	0.29193463921546936
0	0.4462262988090515
0	0.43677687644958496
1	0.41938239336013794
0	0.44326671957969666
1	0.37719640135765076
0	0.3453419804573059
0	0.45292356610298157
0	0.4294990599155426
0	0.41252052783966064
0	0.4437914490699768
0	0.35553252696990967
0	0.40009644627571106
0	0.4614543616771698
0	0.5229057669639587
0	0.6217107772827148
0	0.7409043908119202
0	0.7361571788787842
0	0.6368555426597595
0	0.658966600894928
0	0.6267008781433105
0	0.4950617253780365
0	0.6860430836677551
0	0.6682198643684387
1	0.7182514667510986
0	0.5376005172729492
1	0.6442925930023193
0	0.38157397508621216
0	0.6339121460914612
0	0.5267530083656311
0	0.4808995723724365
0	0.4126584231853485
0	0.2916836738586426
0	0.40111228823661804
0	0.3334924876689911
0	0.39930230379104614
0	0.4832909107208252
0	0.5806662440299988
0	0.5595791935920715
0	0.6957517862319946
0	0.713581919670105
0	0.5453709959983826
0	0.5899551510810852
0	0.569021463394165
0	0.3135317265987396
0	0.21397732198238373
0	0.2383066564798355
0	0.2722061276435852
0	0.45965832471847534
0	0.3320263922214508
0	0.4558442533016205
0	0.4150769114494324
0	0.47065404057502747
0	0.4786796569824219
0	0.3928592801094055
0	0.5038942694664001
0	0.5442748069763184
0	0.4106435179710388
0	0.5969126224517822
0	0.5590885877609253
0	0.6987109184265137
0	0.7217052578926086
0	0.747544527053833
0	0.7356863617897034
0	0.6843917965888977
0	0.6179825067520142
0	0.49627408385276794
0	0.3469655513763428
0	0.38881897926330566
0	0.3058059811592102
0	0.3345043659210205
0	0.19628193974494934
0	0.43001222610473633
0	0.599294126033783
0	0.4330630600452423
0	0.5322156548500061
0	0.5183792114257812
0	0.6564086079597473
0	0.34214603900909424
0	0.426046222448349
0	0.42006394267082214
0	0.5046415328979492
0	0.5145515203475952
0	0.44787368178367615
0	0.5371826887130737
0	0.5535498857498169
0	0.6186444759368896
0	0.5006736516952515
0	0.5164480209350586
0	0.4955995976924896
0	0.6620532870292664
0	0.39946600794792175
0	0.4846739172935486
0	0.5375094413757324
1	0.5004042983055115
1	0.5453645586967468
0	0.5669127106666565
0	0.4527053236961365
0	0.5178468823432922
0	0.42365360260009766
0	0.44722306728363037
0	0.35794198513031006
0	0.3728170394897461
1	0.34554436802864075
0	0.3604097068309784
0	0.2962172031402588
0	0.5573018193244934
0	0.5217308402061462
0	0.6143965721130371
0	0.7107632160186768
0	0.5252389907836914
0	0.7148438096046448
0	0.4506419897079468
0	0.6875826120376587
0	0.5124452114105225
0	0.7095816731452942
0	0.7202004790306091
0	0.695348858833313
0	0.6944271922111511
0	0.4560975432395935
0	0.7298597693443298
0	0.4576101005077362
0	0.6120922565460205
0	0.4828853905200958
0	0.5222899913787842
0	0.49577099084854126
0	0.6980342268943787
0	0.714031457901001
0	0.7070980668067932
0	0.586512565612793
0	0.7343125343322754
0	0.5170656442642212
0	0.7174670100212097
0	0.7248596549034119
1	0.4597231149673462
1	0.6711972951889038
1	0.5419312715530396
1	0.6461382508277893
1	0.7082507610321045
0	0.6908329725265503
0	0.5132818818092346
0	0.5171511769294739
0	0.5801464319229126
0	0.5985990166664124
0	0.5798494815826416
1	0.692110538482666
1	0.6026756167411804
1	0.7579084038734436
1	0.7786611318588257
1	0.7972023487091064
1	0.7882628440856934
0	0.7627398371696472
1	0.7662002444267273
0	0.7350749969482422
0	0.733508825302124
0	0.7161444425582886
0	0.7193247675895691
0	0.7172472476959229
0	0.6041560173034668
1	0.5819450616836548
0	0.6967447996139526
0	0.6254918575286865
1	0.3533487319946289
0	0.5371825098991394
0	0.6345503926277161
0	0.43617263436317444
0	0.515777051448822
0	0.3883483111858368
0	0.47822681069374084
0	0.5728729963302612
0	0.4304526448249817
0	0.6270309090614319
0	0.6981291174888611
0	0.7200238704681396
0	0.3206259310245514
0	0.7183480858802795
0	0.48612117767333984
0	0.6674410700798035
1	0.6815035343170166
1	0.5388196110725403
0	0.6613317131996155
0	0.6883853673934937
0	0.6911640763282776
0	0.6602385640144348
0	0.7253609299659729
0	0.6565085053443909
0	0.7303349375724792
0	0.6429175138473511
0	0.3157028257846832
0	0.593161940574646
0	0.48848333954811096
0	0.6899507641792297
0	0.5387336015701294
0	0.6735868453979492
0	0.7165672779083252
0	0.7288581132888794
0	0.7233796119689941
0	0.682852029800415
0	0.727575957775116
0	0.724476158618927
0	0.7388074994087219
0	0.708147406578064
0	0.7654767036437988
0	0.6254844069480896
0	0.7419531345367432
0	0.6930071115493774
0	0.7237973213195801
0	0.71222984790802
0	0.6658677458763123
0	0.6916107535362244
0	0.7043184041976929
0	0.7655530571937561
1	0.7273529767990112
1	0.7365790009498596
0	0.7263976335525513
1	0.7692002654075623
0	0.7124012112617493
0	0.7621760368347168
0	0.7418837547302246
0	0.7744359374046326
0	0.5114201307296753
0	0.7687456607818604
0	0.6958367228507996
0	0.7319850921630859
0	0.642978310585022
0	0.6180517673492432
0	0.14177024364471436
0	0.6476792097091675
0	0.5912796258926392
0	0.5497608184814453
0	0.42482680082321167
0	0.2465110421180725
0	0.3547433018684387
0	0.42117080092430115
0	0.4465479254722595
0	0.5211580991744995
0	0.6421006917953491
0	0.6300918459892273
0	0.5396842956542969
1	0.6449504494667053
1	0.626693069934845
1	0.40881502628326416
1	0.6549872756004333
1	0.7148715853691101
1	0.7190151810646057
1	0.7754557132720947
0	0.7583490610122681
1	0.7755415439605713
0	0.5956313610076904
0	0.7556160092353821
0	0.3746403455734253
0	0.750757098197937
0	0.3785182535648346
0	0.6577612161636353
0	0.5114226937294006
0	0.5684109926223755
0	0.35361146926879883
0	0.3620241582393646
0	0.3270165026187897
0	0.2673833966255188
0	0.3798271119594574
0	0.34813258051872253
0	0.38003697991371155
0	0.4795852601528168
0	0.2657758295536041
0	0.42744866013526917
0	0.48123469948768616
0	0.6820780634880066
0	0.7246805429458618
0	0.6982306241989136
0	0.6330476403236389
0	0.6553567051887512
0	0.5584155917167664
0	0.4083292484283447
0	0.42997774481773376
0	0.427812784910202
0	0.2918819189071655
0	0.5573336482048035
0	0.38285818696022034
0	0.34258076548576355
1	0.3709309697151184
0	0.2707509398460388
1	0.6185471415519714
0	0.5139591097831726
1	0.6274106502532959
1	0.6849499344825745
1	0.39011991024017334
0	0.290290504693985
0	0.309121310710907
0	0.42014533281326294
0	0.4852580726146698
0	0.2788945734500885
0	0.48661330342292786
0	0.427171528339386
0	0.2535244822502136
0	0.4354264438152313
0	0.499569296836853
0	0.28643855452537537
0	0.27484840154647827
0	0.42765915393829346
0	0.531773567199707
0	0.4263494610786438
0	0.5557610988616943
0	0.49653246998786926
0	0.6724863648414612
0	0.5551507472991943
0	0.5152800679206848
0	0.6599469780921936
0	0.4800751805305481
0	0.47177639603614807
0	0.638074517250061
0	0.4578549563884735
0	0.5559502243995667
0	0.5525661706924438
0	0.6723970174789429
0	0.681030809879303
0	0.5230007171630859
0	0.3222333788871765
0	0.23965789377689362
0	0.31130290031433105
0	0.23536662757396698
1	0.43603503704071045
0	0.3629104495048523
0	0.4156320095062256
0	0.45894309878349304
1	0.6721031069755554
1	0.6959367394447327
1	0.5993456840515137
0	0.47356322407722473
0	0.37192484736442566
0	0.5820867419242859
0	0.4043188989162445
0	0.4217863380908966
0	0.3863546550273895
0	0.37383827567100525
0	0.3534638583660126
0	0.3598403036594391
0	0.6119184494018555
0	0.48485857248306274
0	0.7101336121559143
0	0.648315966129303
0	0.366010457277298
0	0.706354022026062
0	0.551670491695404
0	0.43042799830436707
0	0.651023268699646
0	0.4933985471725464
0	0.6168274879455566
0	0.6750912070274353
0	0.4852961003780365
0	0.4953717887401581
0	0.7076385617256165
0	0.7005116939544678
0	0.5556957125663757
0	0.46453672647476196
0	0.7672497630119324
0	0.6884778141975403
0	0.4774109125137329
0	0.6392577886581421
0	0.4866676330566406
0	0.3321101665496826
0	0.30614373087882996
0	0.5073666572570801
0	0.4914085865020752
0	0.46105045080184937
0	0.6415519118309021
0	0.5320818424224854
0	0.25979113578796387
0	0.357460618019104
0	0.38924440741539
0	0.4406328499317169
0	0.4365212917327881
0	0.4473266899585724
0	0.4560949504375458
0	0.3828270137310028
0	0.4454479515552521
0	0.5097651481628418
1	0.4255054295063019
1	0.32374340295791626
0	0.31215113401412964
1	0.4332101345062256
0	0.6193559169769287
0	0.4581303298473358
0	0.45989152789115906
0	0.6482020020484924
0	0.7208621501922607
0	0.6865410804748535
0	0.6102859377861023
0	0.4741509258747101
0	0.6391910910606384
0	0.6936108469963074
0	0.4571318030357361
0	0.5950887799263
0	0.6866745352745056
0	0.6448031663894653
0	0.4088379740715027
0	0.5587782263755798
0	0.4528183341026306
0	0.4429234266281128
0	0.5359999537467957
0	0.5500179529190063
0	0.6066479086875916
0	0.6855233311653137
0	0.3861532509326935
0	0.6242818832397461
0	0.4777878224849701
0	0.6558562517166138
0	0.5966523885726929
0	0.6681571006774902
0	0.6859972476959229
0	0.7407506704330444
0	0.7505608201026917
0	0.6893186569213867
0	0.6783567070960999
0	0.6472634673118591
0	0.5300641655921936
0	0.49167194962501526
1	0.39053449034690857
0	0.4249301552772522
1	0.4901902377605438
1	0.655494749546051
1	0.641254186630249
1	0.5534660220146179
1	0.5310943722724915
0	0.35367894172668457
1	0.6913493275642395
0	0.6299635767936707
1	0.7029187679290771
1	0.7368728518486023
1	0.5901816487312317
0	0.47585025429725647
0	0.6027086973190308
0	0.6037074327468872
0	0.6531684398651123
0	0.5094020962715149
0	0.5473158359527588
0	0.6064550876617432
0	0.46399250626564026
0	0.5606344938278198
0	0.6859240531921387
0	0.5090058445930481
0	0.5073860287666321
1	0.731552004814148
0	0.7010090947151184
0	0.7279629111289978
0	0.7013320922851562
0	0.6341882944107056
0	0.6557683944702148
0	0.525117039680481
0	0.38075801730155945
0	0.3798426687717438
0	0.42713984847068787
0	0.5291441082954407
0	0.33262547850608826
0	0.570801317691803
0	0.4740886390209198
0	0.5009938478469849
0	0.5663480162620544
0	0.5149984359741211
0	0.580686628818512
0	0.6356348395347595
0	0.7049109935760498
0	0.6968721747398376
0	0.588301420211792
0	0.4856111407279968
0	0.4914584457874298
0	0.4366852343082428
0	0.39363694190979004
1	0.6119903326034546
0	0.568713903427124
0	0.6822559833526611
1	0.6662381887435913
1	0.6826840043067932
1	0.6974552273750305
1	0.6493348479270935
0	0.6040071845054626
0	0.5458230972290039
1	0.6657636165618896
0	0.5335277915000916
0	0.511661946773529
0	0.581946074962616
0	0.5043693780899048
0	0.6574293375015259
0	0.6032910943031311
0	0.715356171131134
0	0.7205427885055542
0	0.7420539855957031
0	0.7408101558685303
0	0.6296389698982239
0	0.7090561389923096
0	0.702898383140564
0	0.6448521614074707
0	0.49064692854881287
0	0.6953399777412415
0	0.6878359317779541
0	0.5466904640197754
0	0.6938312649726868
0	0.7311933040618896
0	0.7241184115409851
0	0.7045701742172241
0	0.7350228428840637
0	0.6999659538269043
0	0.5817064642906189
0	0.7425881028175354
0	0.6769111752510071
0	0.6355375051498413
0	0.4520833492279053
0	0.5833868980407715
0	0.43568727374076843
0	0.5142220258712769
0	0.6367186903953552
0	0.6854811310768127
0	0.6813952922821045
0	0.7180641889572144
0	0.6175577640533447
0	0.453035444021225
0	0.38888323307037354
1	0.5444921851158142
0	0.43849512934684753
1	0.5759884119033813
1	0.4772284924983978
0	0.6101641058921814
0	0.527780294418335
0	0.678621232509613
0	0.5613530874252319
0	0.6970037817955017
0	0.6809793710708618
0	0.5844168066978455
0	0.5512791275978088
0	0.6791936755180359
0	0.8519229888916016
0	0.8165978789329529
0	0.7839623689651489
0	0.7606273889541626
0	0.6725149154663086
0	0.5891845226287842
0	0.5189080834388733
0	0.4429362714290619
0	0.4046374261379242
0	0.4118855595588684
0	0.3392135798931122
0	0.43226614594459534
0	0.3714831471443176
0	0.5076619386672974
0	0.4663484990596771
0	0.5677431225776672
0	0.4969691038131714
0	0.42469173669815063
0	0.5242156386375427
1	0.5167117118835449
1	0.5777482986450195
0	0.26064959168434143
0	0.29923775792121887
1	0.4553338885307312
1	0.3921664357185364
0	0.2605147659778595
1	0.537813663482666
0	0.34222477674484253
1	0.40880128741264343
0	0.38534900546073914
0	0.46216630935668945
0	0.3409753739833832
0	0.5268337726593018
0	0.6020277738571167
0	0.49475520849227905
0	0.4779990613460541
0	0.5572683215141296
0	0.4354665279388428
0	0.5459094047546387
0	0.43314045667648315
1	0.4901235103607178
0	0.3806910514831543
0	0.38642483949661255
0	0.43045204877853394
0	0.33476072549819946
0	0.3802768290042877
0	0.5731791257858276
0	0.5361605882644653
0	0.6413737535476685
0	0.6126103401184082
0	0.5685455799102783
0	0.6073713898658752
0	0.4742966592311859
0	0.4547994136810303
0	0.46176236867904663
0	0.4537483751773834
0	0.3506779670715332
0	0.4324399530887604
0	0.3710494935512543
0	0.3618110418319702
0	0.26131564378738403
0	0.43062907457351685
0	0.5001478791236877
0	0.47641128301620483
0	0.5475419163703918
0	0.4015830159187317
0	0.2751063406467438
0	0.430024117231369
0	0.35866931080818176
0	0.2874104678630829
0	0.31646865606307983
0	0.3564780354499817
0	0.30328378081321716
0	0.31478336453437805
0	0.3460547626018524
0	0.38463276624679565
0	0.2778177261352539
0	0.3135567903518677
0	0.5400758981704712
0	0.39770519733428955
0	0.29620981216430664
0	0.29171720147132874
0	0.23655655980110168
0	0.3683895766735077
0	0.2570081353187561
0	0.41454964876174927
0	0.41759639978408813
0	0.6220320463180542
0	0.5299875140190125
0	0.3973529040813446
0	0.31134626269340515
0	0.49660229682922363
0	0.32684847712516785
0	0.26334378123283386
0	0.4303262531757355
0	0.3718825578689575
0	0.269377201795578
0	0.5459410548210144
0	0.43067991733551025
0	0.36061719059944153
0	0.6668887138366699
0	0.48864853382110596
0	0.44127511978149414
0	0.4023969769477844
0	0.5119398236274719
0	0.40824681520462036
0	0.5004973411560059
0	0.4860527813434601
0	0.4321611821651459
0	0.38682499527931213
0	0.45521068572998047
0	0.3642633557319641
0	0.4624454975128174
0	0.4634155333042145
0	0.4094478189945221
0	0.46098873019218445
0	0.3845769464969635
0	0.2990659177303314
0	0.46151721477508545
0	0.43154916167259216
0	0.4047826826572418
0	0.3994036614894867
0	0.46124812960624695
0	0.4558466076850891
0	0.45673754811286926
0	0.46388620138168335
0	0.48080089688301086
0	0.34689292311668396
0	0.26842355728149414
0	0.3576798439025879
0	0.3804521858692169
0	0.2010573148727417
0	0.3317126929759979
0	0.29155099391937256
0	0.4829263389110565
0	0.4882603585720062
0	0.38910040259361267
0	0.35103756189346313
0	0.6987601518630981
0	0.6158979535102844
0	0.5779983401298523
0	0.5430801510810852
0	0.5432433485984802
0	0.41348448395729065
0	0.4287666082382202
0	0.47993889451026917
0	0.2883823812007904
0	0.4736012816429138
0	0.28283455967903137
0	0.40871939063072205
0	0.45041120052337646
1	0.36846816539764404
1	0.3634794354438782
1	0.36418941617012024
1	0.33175474405288696
1	0.3975961208343506
1	0.4998951256275177
1	0.48555049300193787
0	0.45916035771369934
0	0.3757409155368805
1	0.5819166898727417
1	0.6603703498840332
0	0.4826118052005768
0	0.598673403263092
0	0.5699533224105835
0	0.37586039304733276
0	0.45539453625679016
0	0.3969598114490509
0	0.5337822437286377
0	0.4235880970954895
1	0.29055628180503845
0	0.3449505865573883
0	0.49530768394470215
1	0.31693658232688904
0	0.3847940266132355
0	0.418676495552063
0	0.27444204688072205
0	0.46300506591796875
0	0.4280807077884674
0	0.48261791467666626
0	0.5727061033248901
0	0.3604066073894501
0	0.4715272784233093
0	0.5292719602584839
0	0.3566364049911499
0	0.68616783618927
0	0.6939108967781067
0	0.4561792314052582
0	0.5653223991394043
0	0.45227882266044617
0	0.5593026876449585
0	0.4746801257133484
0	0.5636013746261597
0	0.3867787718772888
0	0.5204126238822937
1	0.40661779046058655
0	0.4672284424304962
1	0.6894652843475342
1	0.627770721912384
0	0.7098928689956665
0	0.5614864826202393
0	0.6778901815414429
0	0.663188099861145
1	0.4857209622859955
0	0.4463038742542267
0	0.557924211025238
0	0.4354497194290161
0	0.3741564154624939
1	0.3676585555076599
1	0.44998589158058167
1	0.5237582325935364
1	0.3865390717983246
1	0.46119725704193115
0	0.40669161081314087
1	0.3224395215511322
0	0.383200466632843
0	0.48093000054359436
0	0.4591802954673767
