0	0.6911313533782959
0	0.6919638514518738
0	0.5923302173614502
0	0.5721414685249329
0	0.4711107313632965
0	0.635801374912262
0	0.49517902731895447
0	0.4719776511192322
0	0.5161280035972595
0	0.4675975739955902
0	0.49265292286872864
0	0.4632020592689514
0	0.5749495625495911
0	0.515824556350708
0	0.5466722249984741
0	0.45280367136001587
0	0.5955721735954285
0	0.5086113810539246
0	0.544888973236084
0	0.6854624152183533
0	0.46778491139411926
0	0.5031590461730957
0	0.4343670606613159
0	0.32799530029296875
0	0.41160479187965393
0	0.3490006625652313
0	0.3990955352783203
0	0.5082153677940369
0	0.4163016378879547
0	0.4551412761211395
0	0.4181203544139862
0	0.6232746243476868
0	0.5852660536766052
0	0.6418138742446899
0	0.665073812007904
1	0.7408031225204468
0	0.7378051280975342
1	0.8596609234809875
1	0.8051103949546814
0	0.7190147042274475
0	0.6417821049690247
1	0.5803745985031128
0	0.5773722529411316
0	0.5114901065826416
0	0.40658295154571533
0	0.45218145847320557
0	0.385195255279541
0	0.5697622299194336
0	0.4425780177116394
0	0.41124942898750305
0	0.46705830097198486
0	0.48391643166542053
0	0.5863767862319946
0	0.43573471903800964
0	0.5573533177375793
0	0.5053420066833496
0	0.41449666023254395
1	0.5677070617675781
1	0.6495853662490845
1	0.5814116597175598
1	0.5588029026985168
1	0.6767095327377319
1	0.6510712504386902
1	0.672857403755188
1	0.6463977098464966
0	0.7102584838867188
0	0.5236143469810486
0	0.5005714297294617
0	0.4709196090698242
0	0.43461012840270996
0	0.38970646262168884
0	0.44217076897621155
0	0.49288812279701233
0	0.4977542757987976
0	0.4434870779514313
0	0.4724492132663727
0	0.43072018027305603
1	0.6182067394256592
1	0.5718627572059631
1	0.6081669330596924
1	0.6724483966827393
0	0.6418509483337402
0	0.6824507713317871
1	0.7059188485145569
0	0.7075483202934265
1	0.7031423449516296
0	0.7183655500411987
1	0.6468357443809509
0	0.45233145356178284
1	0.5182053446769714
0	0.423769474029541
1	0.4725659489631653
0	0.49840009212493896
0	0.4699419140815735
0	0.5381426811218262
0	0.49389341473579407
0	0.5721269845962524
0	0.5725201964378357
0	0.3689582645893097
0	0.6328647136688232
0	0.582835853099823
0	0.45383137464523315
0	0.6373434066772461
0	0.5209531188011169
0	0.48866960406303406
1	0.47464123368263245
0	0.4361431300640106
1	0.49219435453414917
0	0.4167279303073883
0	0.4768875241279602
0	0.5279377698898315
0	0.43229568004608154
0	0.44482624530792236
0	0.559914231300354
0	0.5419163107872009
0	0.49777141213417053
0	0.5486940741539001
0	0.48168322443962097
0	0.5655637383460999
0	0.49654561281204224
0	0.5357193946838379
0	0.44403141736984253
0	0.3910122513771057
0	0.44571653008461
0	0.45891156792640686
0	0.3757224977016449
0	0.4691302478313446
0	0.42322883009910583
0	0.5057074427604675
0	0.6212591528892517
0	0.6030422449111938
0	0.44886961579322815
0	0.3865853250026703
0	0.40576881170272827
0	0.4592288136482239
0	0.5012537837028503
0	0.4908069372177124
0	0.5205402970314026
0	0.6525879502296448
0	0.7212982773780823
0	0.6510981321334839
0	0.5734260082244873
0	0.44888415932655334
0	0.39849331974983215
0	0.42939186096191406
0	0.4890797734260559
0	0.5309466123580933
0	0.44095897674560547
0	0.4429180920124054
0	0.5158787965774536
0	0.5050314664840698
0	0.4276532232761383
0	0.4941350221633911
0	0.4563612639904022
0	0.502590000629425
0	0.41117629408836365
0	0.387804239988327
0	0.47348079085350037
0	0.4431301951408386
0	0.5931696891784668
0	0.5003321170806885
0	0.5547147393226624
0	0.6869387030601501
0	0.7222118973731995
0	0.6899800300598145
0	0.6607365012168884
0	0.6241101026535034
0	0.5626224279403687
0	0.5967965126037598
0	0.5560405850410461
0	0.4125349521636963
0	0.5997218489646912
0	0.41201940178871155
0	0.43373918533325195
0	0.38677483797073364
0	0.37523606419563293
0	0.49226275086402893
0	0.48248612880706787
0	0.493450790643692
0	0.4284833073616028
0	0.4323212802410126
0	0.4494728147983551
0	0.5974339246749878
0	0.5028708577156067
0	0.6528648138046265
0	0.6840300559997559
0	0.6391945481300354
0	0.4857603907585144
0	0.42780590057373047
0	0.4530930519104004
0	0.3947911560535431
0	0.40108954906463623
0	0.39631539583206177
0	0.46774905920028687
0	0.43804609775543213
0	0.5526853799819946
0	0.6724270582199097
0	0.5382407307624817
0	0.4315635561943054
0	0.5089670419692993
0	0.4197254776954651
0	0.43165332078933716
0	0.4280942678451538
0	0.4371771216392517
0	0.5043889880180359
0	0.6428458094596863
0	0.5988016724586487
0	0.44663721323013306
0	0.5824807286262512
0	0.6226778030395508
0	0.690016508102417
0	0.6509257555007935
0	0.6664426922798157
0	0.6639212369918823
0	0.6229684352874756
0	0.5278094410896301
0	0.5149423480033875
0	0.4325183928012848
0	0.4288857877254486
0	0.45331937074661255
0	0.390214741230011
0	0.4990394711494446
0	0.5031761527061462
0	0.4187534749507904
0	0.4183529019355774
0	0.4114064574241638
0	0.4744688868522644
0	0.6645410060882568
0	0.678898274898529
0	0.591609537601471
0	0.6608222126960754
0	0.517575740814209
0	0.47874292731285095
0	0.48027104139328003
0	0.46968552470207214
0	0.42491933703422546
0	0.4170384705066681
0	0.48418354988098145
0	0.45759326219558716
0	0.4941948652267456
0	0.5158355236053467
0	0.46762287616729736
0	0.4862435758113861
0	0.4635392129421234
0	0.44655096530914307
0	0.4998796284198761
0	0.4617321789264679
0	0.6151582598686218
0	0.5989804863929749
0	0.6540693640708923
0	0.5603986978530884
0	0.6242455840110779
0	0.6415261626243591
0	0.647138237953186
0	0.44978493452072144
0	0.5367603898048401
0	0.40004539489746094
0	0.4263148009777069
0	0.3696788549423218
0	0.3919237554073334
0	0.47804132103919983
0	0.4077568054199219
0	0.41782552003860474
0	0.557332456111908
0	0.3607672452926636
0	0.4286321997642517
0	0.43835973739624023
0	0.43311169743537903
0	0.48884034156799316
0	0.4638029932975769
0	0.6102766394615173
0	0.5719491839408875
0	0.5334587097167969
0	0.5118870139122009
0	0.4810808002948761
0	0.46546095609664917
0	0.4536972939968109
0	0.3953697681427002
0	0.49070489406585693
0	0.4735053777694702
0	0.5036039352416992
0	0.44569483399391174
0	0.5565230846405029
0	0.6656696796417236
0	0.6874539256095886
0	0.7432584166526794
0	0.7069029211997986
0	0.5498027205467224
0	0.7081228494644165
0	0.4096512794494629
0	0.6945215463638306
0	0.6496319770812988
0	0.6970775723457336
0	0.5192627906799316
0	0.637385904788971
0	0.6372933387756348
0	0.4768882989883423
0	0.6781874895095825
0	0.6453902125358582
0	0.7241969704627991
0	0.41712602972984314
0	0.5595531463623047
0	0.5698310136795044
0	0.573700487613678
0	0.6998218894004822
0	0.5257089138031006
0	0.6818873286247253
0	0.4632854163646698
0	0.6741010546684265
0	0.6791036128997803
1	0.7078374028205872
1	0.5844801664352417
1	0.5548515319824219
1	0.6921930909156799
0	0.4659716486930847
0	0.5862866640090942
0	0.5074769854545593
0	0.4795215427875519
0	0.4471285939216614
0	0.4608246088027954
0	0.5657041072845459
0	0.7030597925186157
0	0.609075665473938
0	0.4401153028011322
0	0.45539775490760803
0	0.6572181582450867
0	0.4325037896633148
0	0.33857738971710205
0	0.4187776446342468
0	0.3860132396221161
0	0.3847499489784241
0	0.5203170776367188
0	0.5047593116760254
1	0.6086992025375366
1	0.4704573452472687
1	0.5916391611099243
1	0.4854998290538788
1	0.7381340861320496
1	0.7232998609542847
0	0.4917449355125427
0	0.6786137819290161
0	0.6714728474617004
0	0.5423062443733215
0	0.39321771264076233
0	0.6025549173355103
0	0.4958345293998718
0	0.5745619535446167
0	0.5500752329826355
0	0.5873323082923889
0	0.5322599411010742
0	0.6727753281593323
0	0.5338969826698303
0	0.5119839310646057
0	0.5110493302345276
0	0.4116574823856354
0	0.47554832696914673
0	0.4212726354598999
0	0.47502073645591736
0	0.5272132158279419
0	0.5585243701934814
0	0.6940104365348816
0	0.645402193069458
0	0.6804044842720032
0	0.65440434217453
0	0.4692612588405609
0	0.6236429214477539
0	0.655815064907074
0	0.5313029289245605
0	0.6129457354545593
0	0.5134260058403015
0	0.6562097668647766
0	0.4405236840248108
0	0.6159590482711792
0	0.4202655851840973
0	0.6453529000282288
0	0.5698808431625366
0	0.5981789231300354
0	0.6416835784912109
0	0.6068480014801025
0	0.4473738670349121
0	0.449293315410614
1	0.6950451731681824
1	0.5426375865936279
1	0.6789252758026123
1	0.7146015167236328
0	0.6310079097747803
0	0.5166213512420654
0	0.611515462398529
1	0.4461023211479187
0	0.5175390243530273
0	0.699350893497467
0	0.41220754384994507
0	0.34738877415657043
1	0.5642745494842529
1	0.48617127537727356
0	0.5275842547416687
1	0.6929242014884949
0	0.7166033983230591
0	0.7566062808036804
1	0.7332068681716919
1	0.68311607837677
0	0.6015802025794983
1	0.6434579491615295
1	0.5593233704566956
0	0.5087143182754517
0	0.6553933620452881
0	0.4273928701877594
0	0.5602611303329468
0	0.495670348405838
0	0.5408409237861633
0	0.5833795070648193
0	0.6678813695907593
0	0.6338023543357849
0	0.6740041375160217
0	0.5527697801589966
0	0.5833256840705872
0	0.5407297611236572
0	0.6122635006904602
0	0.5434523820877075
0	0.605224609375
0	0.6815844178199768
0	0.6076589822769165
0	0.6272753477096558
0	0.4536619186401367
0	0.6495958566665649
0	0.6454604268074036
0	0.4130028486251831
0	0.4660327434539795
0	0.4795936942100525
0	0.5633226037025452
0	0.46866485476493835
0	0.5835586786270142
0	0.5724213123321533
0	0.6866497993469238
0	0.6643455624580383
0	0.657381534576416
0	0.555453896522522
0	0.4173979163169861
0	0.5691369771957397
0	0.6848320960998535
0	0.686073899269104
0	0.6774182319641113
0	0.5283287763595581
0	0.707588791847229
0	0.594006359577179
0	0.7278560996055603
0	0.6903323531150818
0	0.7117758989334106
0	0.7000294327735901
0	0.6925827264785767
0	0.5745306611061096
0	0.6383330225944519
0	0.4853035509586334
0	0.601453959941864
0	0.5169581770896912
0	0.6932639479637146
0	0.5429539680480957
0	0.6169256567955017
0	0.6245635151863098
0	0.6433831453323364
0	0.46629598736763
0	0.4707997441291809
0	0.7109485268592834
0	0.4454805850982666
0	0.4050108790397644
0	0.5808050632476807
0	0.41644421219825745
0	0.5529050827026367
0	0.5867607593536377
0	0.693511962890625
0	0.703813374042511
0	0.7225155830383301
0	0.6452307105064392
0	0.6860213279724121
0	0.48558977246284485
0	0.7289678454399109
0	0.5174857974052429
0	0.5730935335159302
0	0.6847221255302429
0	0.6992373466491699
0	0.6779410243034363
0	0.6255190372467041
0	0.48370352387428284
0	0.639201283454895
0	0.6221521496772766
0	0.6474344730377197
0	0.593522310256958
0	0.6286479830741882
0	0.8040002584457397
0	0.4321472942829132
0	0.5035035014152527
0	0.5085219144821167
0	0.4561441242694855
1	0.4383726716041565
1	0.3780214190483093
0	0.42265456914901733
0	0.5442346334457397
1	0.4710843861103058
0	0.5129116773605347
1	0.3477313816547394
1	0.3971872627735138
1	0.5474334955215454
1	0.4412824511528015
1	0.2753094434738159
1	0.3624075651168823
0	0.4760163724422455
0	0.6226421594619751
0	0.6075503826141357
0	0.7740820050239563
0	0.7118715643882751
0	0.63459312915802
0	0.708310067653656
0	0.48685455322265625
0	0.48547106981277466
0	0.29964756965637207
0	0.6206531524658203
0	0.3080385625362396
1	0.47764143347740173
1	0.6928821802139282
1	0.4384729862213135
1	0.3432948887348175
0	0.457923948764801
0	0.4202355742454529
1	0.5431089401245117
0	0.6651939749717712
0	0.5744867920875549
1	0.6441550254821777
1	0.37374866008758545
1	0.43601056933403015
1	0.46319910883903503
0	0.44330906867980957
1	0.44536536931991577
0	0.4959516227245331
0	0.3881266713142395
0	0.41853806376457214
0	0.341490775346756
0	0.5152950882911682
0	0.4778668284416199
0	0.5141587257385254
0	0.4592794179916382
0	0.4925181269645691
0	0.4099968373775482
0	0.33178627490997314
0	0.4894465506076813
0	0.5123668313026428
0	0.47605279088020325
0	0.3338368833065033
0	0.49215829372406006
0	0.3736473619937897
0	0.48734331130981445
0	0.4512796401977539
0	0.49929431080818176
0	0.6444706916809082
0	0.6217634677886963
0	0.6878678798675537
1	0.7229371070861816
0	0.6412099003791809
1	0.6895027160644531
0	0.6150406002998352
0	0.49887385964393616
0	0.4739111363887787
0	0.4597386419773102
0	0.2908550798892975
0	0.45679593086242676
0	0.3707522451877594
0	0.4922696650028229
0	0.6594641208648682
0	0.6611636877059937
0	0.6794513463973999
0	0.4391952455043793
0	0.5121184587478638
0	0.5769151449203491
0	0.5392846465110779
1	0.5486396551132202
1	0.5038819313049316
0	0.6295846104621887
0	0.5838072299957275
0	0.3845060169696808
0	0.4919496774673462
0	0.5294371843338013
0	0.3761936128139496
0	0.5648103952407837
0	0.5012262463569641
0	0.4138055443763733
0	0.5274851322174072
0	0.516482949256897
1	0.5317389965057373
1	0.5352652668952942
0	0.31079259514808655
1	0.5975223183631897
1	0.6059278845787048
0	0.4869926869869232
0	0.6574025750160217
0	0.5296797752380371
0	0.44549232721328735
0	0.4429953694343567
0	0.6461953520774841
0	0.5923749804496765
0	0.5358105301856995
0	0.52604079246521
0	0.6147491931915283
0	0.697838306427002
0	0.47489166259765625
0	0.5603334903717041
0	0.6712356805801392
0	0.4842844605445862
0	0.5365762114524841
1	0.7074418067932129
0	0.5228010416030884
0	0.549799919128418
1	0.717228353023529
0	0.7054838538169861
0	0.44135692715644836
1	0.7405335307121277
1	0.7104250192642212
0	0.605212926864624
1	0.7221922278404236
1	0.6916585564613342
1	0.48202812671661377
1	0.6705206036567688
1	0.7523520588874817
1	0.7911778092384338
0	0.5617676377296448
0	0.5996331572532654
0	0.5369381308555603
0	0.6398283839225769
0	0.5517505407333374
0	0.5030190944671631
1	0.7225410342216492
0	0.48655346035957336
0	0.5073423981666565
0	0.5434980988502502
0	0.5398733615875244
0	0.5021185874938965
0	0.42572420835494995
0	0.6843527555465698
0	0.6793884038925171
0	0.7504197359085083
0	0.7206176519393921
0	0.6738623380661011
0	0.667924165725708
0	0.6728980541229248
0	0.5309187173843384
0	0.5468005537986755
0	0.37706509232521057
0	0.6480865478515625
0	0.44859275221824646
0	0.4299984872341156
0	0.4886434078216553
0	0.48144981265068054
0	0.4019082486629486
0	0.5577059388160706
0	0.680545449256897
0	0.5023500323295593
0	0.596406102180481
0	0.687263011932373
1	0.7491077780723572
0	0.4677533507347107
0	0.725597620010376
0	0.8062700033187866
1	0.8290446400642395
0	0.7377364039421082
0	0.7693555951118469
0	0.6806482076644897
0	0.5014380216598511
0	0.5795317888259888
0	0.6251511573791504
0	0.6991918683052063
0	0.5199038982391357
0	0.3136126697063446
0	0.7073696851730347
0	0.6264322996139526
0	0.46392980217933655
0	0.5925475358963013
0	0.7003887891769409
0	0.6944257616996765
0	0.6925365328788757
0	0.6821186542510986
0	0.7561631798744202
0	0.7468047142028809
0	0.6860826015472412
0	0.6023983359336853
0	0.43488219380378723
0	0.6812920570373535
0	0.49883270263671875
0	0.49606993794441223
0	0.5279725193977356
1	0.45911863446235657
0	0.39998680353164673
1	0.6238819360733032
1	0.5975795388221741
0	0.6461327075958252
1	0.4718118906021118
0	0.4333919584751129
0	0.6765785813331604
0	0.6740414500236511
0	0.7068994641304016
0	0.7299947738647461
1	0.7441568374633789
1	0.6548207998275757
0	0.4571714997291565
1	0.565935492515564
0	0.7090787887573242
0	0.41505172848701477
0	0.6411210298538208
0	0.5161809325218201
0	0.4298820495605469
0	0.45189517736434937
0	0.3437027931213379
0	0.600390613079071
0	0.4675914943218231
1	0.5929955840110779
0	0.6949959993362427
0	0.43345582485198975
1	0.598954975605011
1	0.7261337637901306
1	0.7040282487869263
1	0.7070502042770386
1	0.5959571599960327
0	0.49400946497917175
0	0.44683319330215454
0	0.6086682677268982
0	0.4163666069507599
0	0.6739000678062439
0	0.601614236831665
0	0.41015341877937317
0	0.706233024597168
0	0.680952787399292
0	0.5450171828269958
0	0.6346005201339722
0	0.4330402612686157
0	0.48287463188171387
0	0.545732319355011
0	0.5868930816650391
0	0.7203139066696167
0	0.7275295853614807
0	0.6839230060577393
0	0.7138603329658508
0	0.729866087436676
0	0.5864758491516113
0	0.6187226176261902
0	0.3998248279094696
0	0.47650328278541565
0	0.611238956451416
0	0.35392701625823975
0	0.5627579092979431
0	0.7331756353378296
0	0.4100382328033447
0	0.4714299142360687
0	0.6888667941093445
0	0.4862925112247467
0	0.45310071110725403
0	0.6176943182945251
0	0.4682990312576294
0	0.6131581664085388
0	0.3880271911621094
0	0.39001238346099854
0	0.43003201484680176
0	0.4757955074310303
0	0.36700522899627686
0	0.32809701561927795
0	0.5199452042579651
0	0.49210888147354126
0	0.4227936267852783
0	0.3539015054702759
0	0.5324073433876038
0	0.4010746479034424
0	0.6764816045761108
0	0.7423545718193054
0	0.6325008273124695
0	0.6791191697120667
0	0.4646071195602417
0	0.4925544559955597
0	0.6107650399208069
0	0.5891391038894653
0	0.7357502579689026
0	0.5709868669509888
0	0.3316541314125061
0	0.5113090872764587
0	0.4520319998264313
0	0.3610747158527374
0	0.624082624912262
0	0.5736309289932251
0	0.5169224143028259
0	0.6818456053733826
0	0.7094914317131042
0	0.6431538462638855
0	0.594083845615387
0	0.57448810338974
0	0.6421679854393005
0	0.48571011424064636
0	0.6071838736534119
0	0.5068568587303162
0	0.592452347278595
0	0.5384708642959595
0	0.4788547456264496
0	0.6457070112228394
0	0.6444597840309143
0	0.6878191828727722
0	0.6894270777702332
0	0.7239155173301697
0	0.760418713092804
0	0.8187574148178101
0	0.7326722145080566
0	0.7105607986450195
0	0.7164204120635986
0	0.6079694628715515
0	0.6568903923034668
0	0.5254895687103271
0	0.6780751347541809
0	0.621818482875824
0	0.6080868244171143
0	0.5429121851921082
0	0.5939862132072449
0	0.6463422179222107
0	0.7084164619445801
0	0.6763677000999451
0	0.6799624562263489
0	0.6960119605064392
0	0.684248685836792
0	0.5662925839424133
0	0.5981984734535217
0	0.5846018195152283
0	0.5498248934745789
0	0.5484243035316467
0	0.5262647271156311
0	0.6286228895187378
0	0.5621803402900696
0	0.5983400344848633
1	0.573979377746582
0	0.6846929788589478
1	0.7212136387825012
1	0.6777524948120117
1	0.6642348766326904
0	0.6599609851837158
1	0.7013915181159973
1	0.6706723570823669
1	0.575646162033081
1	0.6858060359954834
0	0.6636670827865601
1	0.7022199034690857
0	0.6990987658500671
0	0.6615493893623352
0	0.6166790723800659
0	0.628068745136261
0	0.6921075582504272
0	0.6490958333015442
0	0.6807729601860046
0	0.7011044025421143
0	0.7016138434410095
0	0.7507997751235962
0	0.7497522830963135
0	0.7754789590835571
0	0.6830744743347168
0	0.6596071720123291
0	0.6935218572616577
0	0.5981231927871704
0	0.6247814893722534
0	0.5049307346343994
0	0.6594452857971191
0	0.4932085871696472
1	0.7260794639587402
1	0.56134432554245
1	0.5934677124023438
1	0.6848449110984802
1	0.686994731426239
1	0.7355118989944458
1	0.7279884219169617
1	0.6985962390899658
0	0.6686229705810547
0	0.5334833860397339
0	0.6100850701332092
0	0.5904780030250549
0	0.6018485426902771
0	0.598029375076294
0	0.666067361831665
0	0.47565189003944397
0	0.6817516684532166
0	0.44804444909095764
0	0.588957667350769
0	0.5480688214302063
0	0.690768837928772
0	0.6776721477508545
0	0.7278539538383484
0	0.6845054030418396
0	0.7076401114463806
0	0.645703911781311
0	0.6252925992012024
0	0.6541978716850281
0	0.521253764629364
0	0.5861144065856934
0	0.6233252882957458
0	0.5768017768859863
0	0.4397483170032501
0	0.4118984341621399
0	0.5099356770515442
0	0.39553898572921753
0	0.45355191826820374
0	0.3436620533466339
0	0.4038996994495392
1	0.43592357635498047
0	0.536632776260376
1	0.523093044757843
0	0.48334404826164246
0	0.45019665360450745
0	0.37283775210380554
1	0.3621087968349457
0	0.38732096552848816
0	0.4153235852718353
0	0.3061099350452423
0	0.4421393871307373
0	0.26556503772735596
0	0.4294047951698303
0	0.30233463644981384
0	0.4767160415649414
0	0.5194882154464722
0	0.39478856325149536
0	0.45511969923973083
0	0.5650946497917175
0	0.7316451072692871
0	0.6778220534324646
0	0.5541740655899048
0	0.7195335030555725
0	0.6178930997848511
0	0.5180920362472534
0	0.45112451910972595
0	0.4736242890357971
0	0.4068964421749115
0	0.45119744539260864
0	0.37773650884628296
0	0.46228158473968506
0	0.4910760223865509
0	0.5638288855552673
0	0.34330612421035767
0	0.4501332640647888
0	0.40208593010902405
0	0.42562052607536316
0	0.4714801013469696
0	0.4050712287425995
0	0.4665397107601166
0	0.32500219345092773
0	0.37508824467658997
1	0.38721418380737305
1	0.46480268239974976
1	0.5485038757324219
1	0.6694332361221313
1	0.6651248931884766
0	0.646914005279541
1	0.4423544108867645
1	0.45281025767326355
1	0.4347572326660156
0	0.41512250900268555
0	0.3804377317428589
0	0.4039628207683563
0	0.4177080988883972
0	0.36041390895843506
0	0.5040795803070068
0	0.6575259566307068
0	0.47589337825775146
0	0.41569027304649353
0	0.41642192006111145
0	0.44430792331695557
0	0.3661562204360962
0	0.3124197721481323
0	0.3985118269920349
1	0.523204505443573
1	0.4329224228858948
1	0.6042384505271912
1	0.5447014570236206
0	0.5809715986251831
0	0.48347708582878113
0	0.4626486301422119
0	0.40798985958099365
0	0.4650126099586487
0	0.49234601855278015
0	0.41270723938941956
0	0.43905162811279297
0	0.5002309679985046
0	0.43408867716789246
0	0.41945093870162964
0	0.3579498827457428
0	0.474588006734848
0	0.517114520072937
0	0.5669348239898682
0	0.6971809267997742
0	0.7244312763214111
0	0.6131219267845154
0	0.42271241545677185
0	0.48495230078697205
0	0.4680357277393341
0	0.5078358054161072
0	0.5134011507034302
0	0.5328837633132935
0	0.5052139759063721
0	0.564079761505127
0	0.5478387475013733
0	0.5370826721191406
0	0.5228245258331299
0	0.50203937292099
0	0.5734921097755432
0	0.5790345668792725
0	0.4898379445075989
0	0.42739760875701904
0	0.6327742338180542
0	0.5865421295166016
1	0.5239695310592651
1	0.5261043310165405
1	0.4482318162918091
0	0.5316979885101318
0	0.46959245204925537
0	0.43097245693206787
0	0.4329095482826233
0	0.4762991964817047
0	0.5201819539070129
0	0.45037996768951416
0	0.44436901807785034
0	0.36127838492393494
0	0.4621395468711853
0	0.39992067217826843
0	0.5041850805282593
0	0.3992956876754761
0	0.4067453145980835
0	0.4210839569568634
0	0.40621185302734375
0	0.4356890916824341
0	0.4074018597602844
0	0.5350693464279175
0	0.45185521245002747
0	0.5329653024673462
0	0.35370180010795593
1	0.4627463221549988
1	0.4951711893081665
1	0.5139071345329285
1	0.3779204487800598
0	0.4571632742881775
0	0.433380126953125
0	0.5044952630996704
1	0.5383758544921875
1	0.7513719797134399
1	0.6033099293708801
0	0.5985861420631409
0	0.6058160662651062
0	0.6650156378746033
0	0.5657219290733337
0	0.6065238118171692
0	0.6328664422035217
0	0.5839889049530029
0	0.7434632778167725
0	0.47990235686302185
0	0.6717950701713562
0	0.4221018850803375
0	0.604597806930542
0	0.4906291365623474
0	0.39913129806518555
0	0.5173467993736267
0	0.5131536722183228
0	0.5058866143226624
0	0.4946364164352417
0	0.32953864336013794
0	0.6058335900306702
0	0.5208829045295715
0	0.4580012559890747
1	0.6331531405448914
1	0.5016261339187622
0	0.3982901871204376
0	0.4076487123966217
0	0.544158399105072
0	0.45305392146110535
0	0.4834565818309784
1	0.581614077091217
1	0.6805979609489441
0	0.48890918493270874
0	0.54618901014328
0	0.6137542724609375
0	0.5071340799331665
0	0.4986034333705902
0	0.6761369705200195
0	0.6176092028617859
0	0.6968693137168884
0	0.8106285333633423
0	0.7093150615692139
0	0.4135981798171997
0	0.7659676671028137
0	0.6723732352256775
0	0.6410672664642334
0	0.7739790081977844
0	0.6046575903892517
0	0.4077208340167999
0	0.6302658319473267
0	0.7632691860198975
0	0.7284013628959656
0	0.6413475871086121
0	0.48854807019233704
0	0.4620516002178192
0	0.5560486912727356
0	0.47760558128356934
0	0.4391525685787201
0	0.7005392909049988
1	0.5542628169059753
0	0.42041298747062683
1	0.519637942314148
0	0.4987734854221344
0	0.4240460693836212
1	0.4800250232219696
1	0.4137150049209595
1	0.7303957343101501
1	0.7833312153816223
1	0.763533353805542
0	0.7296280264854431
1	0.7691705822944641
1	0.5901500582695007
1	0.603460967540741
1	0.5578601956367493
1	0.6578221917152405
0	0.4199993312358856
0	0.4325564205646515
0	0.45826950669288635
0	0.5973556637763977
0	0.5427196621894836
0	0.6607558727264404
0	0.5590693950653076
0	0.5948261022567749
0	0.687362551689148
0	0.7845404148101807
0	0.4670581519603729
0	0.7141278982162476
0	0.8143160939216614
0	0.8166922330856323
0	0.7386821508407593
0	0.7568441033363342
0	0.6924792528152466
0	0.5807717442512512
0	0.5287724137306213
0	0.5363373160362244
1	0.6813894510269165
0	0.32351458072662354
0	0.6131172180175781
0	0.33502158522605896
1	0.52042156457901
1	0.5697519183158875
1	0.4417531490325928
1	0.5232468843460083
0	0.7040233016014099
1	0.6421678066253662
1	0.6918244361877441
1	0.7302025556564331
1	0.7804499864578247
1	0.6934263706207275
1	0.5488916635513306
1	0.4405759274959564
1	0.5938653945922852
1	0.5295613408088684
1	0.6009767055511475
1	0.5533524751663208
0	0.46081215143203735
1	0.5238772034645081
0	0.399014413356781
0	0.418713241815567
0	0.44475194811820984
0	0.4076903462409973
0	0.4890926480293274
0	0.5038167834281921
0	0.46516722440719604
0	0.6596350073814392
0	0.47500988841056824
0	0.4979468584060669
0	0.5790319442749023
0	0.6202080845832825
0	0.4003859758377075
0	0.4912833273410797
0	0.48234808444976807
0	0.3293590247631073
0	0.473197877407074
0	0.4093025028705597
0	0.39445796608924866
0	0.2624199390411377
0	0.41254276037216187
0	0.3688196837902069
0	0.5724239945411682
0	0.44053471088409424
0	0.4532354772090912
1	0.6148837208747864
0	0.48253679275512695
0	0.5987926125526428
0	0.47742611169815063
0	0.4994853138923645
1	0.45076456665992737
1	0.6114449501037598
1	0.4835871756076813
1	0.6840728521347046
1	0.6379342079162598
0	0.38078242540359497
0	0.38197624683380127
0	0.5091497898101807
0	0.5797904133796692
0	0.668150782585144
1	0.4827023446559906
0	0.3907087743282318
0	0.5722753405570984
0	0.42647960782051086
1	0.6877739429473877
0	0.6462404131889343
1	0.7312495112419128
1	0.673719048500061
0	0.4170211851596832
0	0.5327785611152649
0	0.41189777851104736
0	0.45587286353111267
0	0.46679216623306274
0	0.6301475763320923
0	0.6446645259857178
0	0.5803773403167725
0	0.5228917002677917
0	0.4780130088329315
0	0.4273623824119568
0	0.5919800400733948
0	0.387424498796463
0	0.4697207808494568
0	0.46708327531814575
0	0.4475071430206299
0	0.5606281161308289
0	0.41507041454315186
0	0.5137609839439392
0	0.6115201711654663
0	0.4320825934410095
0	0.5003150105476379
0	0.3463691771030426
0	0.3954227864742279
0	0.3531360626220703
0	0.529700756072998
0	0.39248988032341003
0	0.5057626366615295
0	0.5270563364028931
0	0.5099493265151978
0	0.6092588305473328
0	0.48608967661857605
0	0.5448811650276184
0	0.4375174641609192
0	0.48215362429618835
0	0.48086559772491455
0	0.4379282593727112
0	0.43144315481185913
1	0.6247074604034424
1	0.6761305332183838
1	0.6626713275909424
1	0.7908710837364197
1	0.7550986409187317
1	0.7065061926841736
1	0.7166444063186646
0	0.6715214252471924
1	0.6208826899528503
0	0.42211756110191345
0	0.5342861413955688
0	0.3514682948589325
0	0.47542279958724976
0	0.3056897222995758
0	0.5866177678108215
0	0.5437610149383545
0	0.7151920795440674
0	0.6498882174491882
0	0.7149121761322021
0	0.4595235586166382
0	0.4880569577217102
0	0.6522835493087769
0	0.6576312184333801
0	0.6935067772865295
0	0.5782161951065063
1	0.5330999493598938
1	0.3906232714653015
1	0.49101704359054565
1	0.6486933827400208
0	0.41140666604042053
0	0.6242552399635315
0	0.5407215356826782
0	0.5176939964294434
0	0.703676164150238
0	0.6680076718330383
0	0.7582322955131531
0	0.7300384640693665
0	0.7359759211540222
0	0.6687740087509155
0	0.5641130208969116
0	0.35379987955093384
0	0.6184208393096924
0	0.393657922744751
1	0.6226064562797546
1	0.6595455408096313
1	0.5121240019798279
1	0.3685603439807892
0	0.412741094827652
0	0.4712611138820648
0	0.4272485375404358
0	0.5009602904319763
0	0.5027118921279907
0	0.5185158252716064
0	0.4892978370189667
0	0.4412733018398285
1	0.4592520594596863
1	0.47869691252708435
1	0.4632171094417572
1	0.43637627363204956
1	0.49287399649620056
1	0.5735167264938354
0	0.4596327841281891
1	0.5010902881622314
0	0.4811124801635742
1	0.5914179086685181
1	0.5665084719657898
0	0.48940354585647583
0	0.4873011112213135
1	0.5516194105148315
0	0.5000178217887878
0	0.36280277371406555
0	0.4719107449054718
0	0.5371476411819458
0	0.4318463206291199
0	0.30818411707878113
0	0.4834710657596588
0	0.47584474086761475
0	0.5139007568359375
0	0.6404597163200378
0	0.7103673219680786
0	0.7497246265411377
0	0.7913525104522705
0	0.7222432494163513
0	0.6820828318595886
0	0.5516396760940552
0	0.5950371623039246
0	0.443530410528183
0	0.26997867226600647
0	0.5358024835586548
0	0.34530892968177795
0	0.5303810238838196
0	0.7056019902229309
0	0.646863579750061
0	0.49759748578071594
0	0.6797590851783752
0	0.5046601295471191
0	0.6086403727531433
0	0.6975428462028503
0	0.46048492193222046
0	0.5135363936424255
0	0.371268630027771
0	0.5779767632484436
0	0.6105704307556152
0	0.6707652807235718
0	0.4709409773349762
0	0.5783454179763794
0	0.5652751326560974
0	0.5256930589675903
0	0.5984154343605042
0	0.49225544929504395
0	0.5353828072547913
0	0.5551614761352539
0	0.6026525497436523
0	0.5217328071594238
0	0.5129070281982422
0	0.5138959288597107
0	0.6389816403388977
0	0.6691350340843201
0	0.6748254299163818
0	0.6749695539474487
0	0.678765058517456
0	0.61420077085495
0	0.6924137473106384
0	0.6639424562454224
0	0.665864109992981
0	0.5362644791603088
0	0.6129723787307739
0	0.5158599019050598
0	0.5039769411087036
0	0.5818981528282166
0	0.5289461016654968
0	0.5392259955406189
0	0.5064311623573303
0	0.6451734304428101
0	0.6495422124862671
0	0.6345200538635254
0	0.5442774891853333
0	0.4734415113925934
0	0.528563380241394
0	0.5872664451599121
0	0.6017027497291565
0	0.6481101512908936
0	0.5416827201843262
0	0.518730878829956
0	0.6171814203262329
0	0.5031144618988037
0	0.6857845187187195
0	0.5686905980110168
0	0.580170750617981
0	0.5907847285270691
0	0.608336865901947
0	0.5853140950202942
0	0.4924202859401703
0	0.47681358456611633
0	0.6540843844413757
0	0.4706193804740906
0	0.4992404282093048
0	0.4910506308078766
0	0.6807716488838196
0	0.6104527115821838
0	0.6872509121894836
1	0.7116257548332214
1	0.6731479167938232
1	0.6691782474517822
1	0.5514947772026062
1	0.548331081867218
1	0.6456210613250732
1	0.6402679085731506
1	0.6904109120368958
1	0.7065879106521606
0	0.6645979285240173
0	0.6369149684906006
0	0.641302227973938
0	0.6645551323890686
0	0.5892333388328552
1	0.5066975355148315
1	0.46367502212524414
1	0.5134492516517639
0	0.49769261479377747
1	0.5061284303665161
0	0.5198578834533691
0	0.6456780433654785
0	0.5924103260040283
0	0.5583612322807312
0	0.613214910030365
0	0.6585851907730103
0	0.647033154964447
0	0.6702601313591003
0	0.5470292568206787
0	0.5066704750061035
0	0.6250839829444885
0	0.5344955325126648
0	0.6415983438491821
0	0.6600150465965271
0	0.6606230139732361
0	0.6074340343475342
0	0.6613701581954956
0	0.6060331463813782
0	0.4638550877571106
0	0.4631054997444153
0	0.4512867331504822
1	0.5016813278198242
1	0.48541438579559326
1	0.4994465410709381
1	0.5612205266952515
0	0.6471003890037537
0	0.5858369469642639
0	0.486460417509079
0	0.4879872500896454
0	0.558294951915741
0	0.462054044008255
0	0.5878444910049438
0	0.5157365202903748
0	0.5971733927726746
0	0.5045661926269531
0	0.531630277633667
0	0.6277095079421997
0	0.6437207460403442
0	0.598587155342102
0	0.6891213059425354
0	0.7147451043128967
0	0.6704728603363037
0	0.6589657664299011
0	0.6129749417304993
0	0.5514729022979736
0	0.5168330073356628
0	0.4993227422237396
0	0.46898049116134644
0	0.5152211785316467
0	0.41402488946914673
1	0.5903975367546082
1	0.6273747682571411
1	0.6217412948608398
1	0.628044605255127
1	0.601753294467926
1	0.6591851711273193
1	0.5229220390319824
1	0.6367025375366211
0	0.5134586691856384
0	0.5587347149848938
0	0.5238996744155884
0	0.5965598225593567
0	0.5894413590431213
1	0.6142066121101379
1	0.657520592212677
1	0.5064356327056885
1	0.5257157683372498
1	0.4954339265823364
0	0.43929630517959595
0	0.5658062100410461
0	0.5230559706687927
0	0.5540848970413208
0	0.5779065489768982
0	0.6384699940681458
0	0.6289780139923096
0	0.5774210691452026
1	0.6429647207260132
1	0.549212634563446
1	0.5446270108222961
1	0.6299325227737427
0	0.4945254921913147
0	0.4806998372077942
0	0.52707839012146
0	0.46778324246406555
0	0.4752463698387146
0	0.4729313254356384
0	0.5102185606956482
0	0.5288762450218201
0	0.5721368193626404
0	0.6586013436317444
0	0.5480214357376099
0	0.546127438545227
0	0.5270954966545105
0	0.48001742362976074
0	0.5260375142097473
0	0.47059857845306396
0	0.5168749690055847
0	0.5813385844230652
0	0.5643278360366821
0	0.5989462733268738
0	0.6266876459121704
0	0.49328097701072693
0	0.5808435082435608
0	0.5018790364265442
0	0.6679182648658752
0	0.6633114218711853
0	0.6398996114730835
0	0.61857670545578
0	0.5621564984321594
0	0.5112124681472778
0	0.5642121434211731
0	0.646350085735321
0	0.5900731086730957
0	0.6528341770172119
0	0.6706615686416626
0	0.5110350847244263
0	0.4447347819805145
0	0.5066500902175903
0	0.46199512481689453
0	0.6741102337837219
0	0.678851306438446
0	0.6119716167449951
0	0.6340620517730713
0	0.7017507553100586
0	0.6094924807548523
0	0.7155691385269165
0	0.5583978891372681
0	0.6856781840324402
0	0.638698935508728
0	0.6867866516113281
0	0.6831241846084595
0	0.7024374604225159
0	0.6993577480316162
0	0.6459465622901917
0	0.6599076986312866
0	0.650246798992157
0	0.6112635135650635
0	0.5485722422599792
0	0.5327968597412109
0	0.5271392464637756
0	0.5256446003913879
0	0.6179704070091248
0	0.6161043047904968
0	0.6327908039093018
0	0.6720682978630066
0	0.6538395285606384
0	0.5925976037979126
0	0.6508755683898926
0	0.646868109703064
0	0.5724116563796997
0	0.5453899502754211
0	0.6991729140281677
0	0.6575816869735718
0	0.5555654168128967
0	0.584404706954956
0	0.5244060158729553
0	0.4897230863571167
0	0.496113121509552
0	0.5710653066635132
0	0.6064707040786743
0	0.561791718006134
0	0.6563112139701843
0	0.6690208911895752
0	0.6444846987724304
0	0.6279445290565491
0	0.5037955641746521
0	0.5351517200469971
0	0.5846033692359924
0	0.5363214612007141
0	0.6253166794776917
0	0.5898465514183044
0	0.4978339672088623
0	0.49404752254486084
0	0.5703491568565369
0	0.5276649594306946
0	0.5938097238540649
0	0.5177496075630188
0	0.47699806094169617
0	0.5772948265075684
0	0.5119170546531677
0	0.5232682228088379
0	0.6620591878890991
0	0.5017088055610657
0	0.5306230187416077
0	0.6519209146499634
0	0.5130810141563416
0	0.6545632481575012
0	0.6753050088882446
0	0.4776279330253601
0	0.7095345854759216
0	0.639844536781311
0	0.5947215557098389
0	0.6579498648643494
0	0.6060710549354553
0	0.6909833550453186
0	0.5682447552680969
0	0.5268972516059875
0	0.6143516302108765
0	0.5190247893333435
0	0.6096833944320679
0	0.5719748735427856
0	0.569575309753418
0	0.634389340877533
0	0.6879559755325317
0	0.6091431379318237
1	0.4673026502132416
0	0.5677284002304077
1	0.454854816198349
0	0.388039767742157
0	0.4630517363548279
1	0.377627432346344
0	0.35215622186660767
1	0.40301597118377686
0	0.4704124927520752
1	0.4423934519290924
1	0.3841535449028015
1	0.4720495641231537
0	0.4960165321826935
0	0.6363575458526611
1	0.6708556413650513
0	0.5427479147911072
0	0.5010932683944702
0	0.4749009311199188
1	0.46824952960014343
1	0.4492548108100891
1	0.405317097902298
1	0.4398055672645569
1	0.48542511463165283
1	0.6757493019104004
1	0.5512088537216187
1	0.5780637264251709
1	0.6197296977043152
1	0.3798339068889618
0	0.3566858172416687
0	0.3837457597255707
0	0.39767760038375854
0	0.48650887608528137
0	0.5052506327629089
0	0.5298923850059509
0	0.5921006798744202
0	0.5448720455169678
0	0.4421132802963257
0	0.45467817783355713
0	0.5296270847320557
0	0.4113180935382843
0	0.6081275939941406
0	0.503023624420166
0	0.4589678645133972
0	0.6328615546226501
0	0.5472046732902527
0	0.5091926455497742
0	0.4998916685581207
0	0.6271921396255493
0	0.6245629787445068
0	0.6834325790405273
0	0.6572431325912476
0	0.5625873804092407
0	0.4808005392551422
0	0.4874075651168823
0	0.4941284954547882
0	0.487432599067688
0	0.6548227667808533
0	0.6446925401687622
0	0.6516384482383728
0	0.6814759373664856
0	0.6747360825538635
0	0.6462773084640503
0	0.5531413555145264
0	0.6809172630310059
0	0.4479234516620636
0	0.45228785276412964
0	0.39042726159095764
0	0.4460211992263794
0	0.4211457371711731
0	0.4385906755924225
0	0.42262348532676697
0	0.43690529465675354
0	0.5829280614852905
0	0.44419699907302856
0	0.35202473402023315
0	0.4558315575122833
0	0.4721425771713257
0	0.4007612466812134
0	0.39105555415153503
0	0.37860074639320374
0	0.4029134511947632
0	0.42828020453453064
1	0.43169572949409485
0	0.3872193992137909
1	0.3763633370399475
0	0.326603502035141
0	0.4113367795944214
0	0.4008291959762573
0	0.38013404607772827
0	0.37834632396698
0	0.36734434962272644
0	0.3410536050796509
0	0.41913795471191406
0	0.46607232093811035
0	0.5309488773345947
0	0.682601273059845
0	0.6624643206596375
0	0.48692354559898376
0	0.5501932501792908
0	0.5040621161460876
0	0.43076738715171814
0	0.45818737149238586
0	0.4981970489025116
1	0.5889583826065063
0	0.5547798275947571
1	0.5469609498977661
0	0.3721594214439392
0	0.49462777376174927
0	0.39380258321762085
0	0.4172504246234894
0	0.37130266427993774
0	0.3757590651512146
0	0.3913152515888214
0	0.3373132348060608
0	0.39432045817375183
0	0.38604971766471863
0	0.5186700820922852
0	0.49084973335266113
0	0.5465346574783325
0	0.6348910331726074
0	0.48665034770965576
0	0.4905080497264862
0	0.4621332585811615
0	0.3762138783931732
0	0.3653952479362488
0	0.3116021454334259
0	0.3550562262535095
0	0.42332226037979126
0	0.3855917155742645
0	0.4367910921573639
0	0.39758893847465515
0	0.40569496154785156
0	0.4367928206920624
0	0.4119860529899597
0	0.4984205961227417
0	0.520786702632904
0	0.4389733076095581
0	0.4887898862361908
0	0.4582013785839081
0	0.5836427211761475
0	0.6444211602210999
0	0.6919416189193726
0	0.6815147399902344
0	0.5383257269859314
0	0.4812043309211731
0	0.37803730368614197
0	0.35068991780281067
0	0.40733906626701355
0	0.3878660202026367
0	0.43119168281555176
0	0.34050947427749634
0	0.4437412917613983
0	0.5888354182243347
0	0.47525015473365784
0	0.4431203603744507
0	0.457431435585022
0	0.47673752903938293
0	0.3635009825229645
0	0.38908547163009644
0	0.39969566464424133
0	0.41918179392814636
0	0.4648565649986267
0	0.4531179666519165
0	0.5292277932167053
0	0.4922477900981903
0	0.5074477195739746
0	0.4386775493621826
0	0.46533194184303284
0	0.42935365438461304
0	0.5657715201377869
0	0.38660088181495667
0	0.48627474904060364
0	0.4703853726387024
1	0.47384998202323914
1	0.44722846150398254
0	0.5455141067504883
0	0.41073086857795715
0	0.4810471534729004
0	0.4083869755268097
0	0.4156375527381897
0	0.3687615990638733
0	0.3900584578514099
1	0.3723381459712982
0	0.36517393589019775
0	0.3349471092224121
0	0.4197319447994232
0	0.4023396670818329
0	0.4526135325431824
0	0.6428174376487732
0	0.39974531531333923
0	0.6815365552902222
0	0.4090920388698578
0	0.6318879127502441
0	0.4423498213291168
0	0.6535226702690125
0	0.6647547483444214
0	0.6475934982299805
0	0.6453951001167297
0	0.4485761523246765
0	0.6931724548339844
0	0.4343613088130951
0	0.5350568294525146
0	0.43667492270469666
0	0.4760341942310333
0	0.5020120143890381
0	0.6068940758705139
0	0.5991209149360657
0	0.6046211123466492
0	0.4741895794868469
0	0.545972466468811
0	0.3625282347202301
0	0.4277595281600952
0	0.5054582953453064
1	0.45108288526535034
1	0.47149601578712463
1	0.4239954650402069
1	0.47513139247894287
1	0.540976881980896
0	0.5342149138450623
0	0.41529539227485657
0	0.4115941524505615
0	0.44810575246810913
0	0.4797477424144745
0	0.48746007680892944
1	0.5176703333854675
1	0.499290406703949
1	0.6908097863197327
1	0.7172805070877075
1	0.7446016073226929
1	0.713818371295929
0	0.6676680445671082
1	0.7210777997970581
0	0.6796958446502686
0	0.6829496622085571
0	0.6204795241355896
0	0.5870757699012756
0	0.4829210937023163
0	0.4897475838661194
1	0.49960970878601074
0	0.5488917827606201
0	0.5102614760398865
1	0.4391290247440338
0	0.4918172359466553
0	0.4551149010658264
0	0.43403106927871704
0	0.47883909940719604
0	0.44082802534103394
0	0.5132917165756226
0	0.5078866481781006
0	0.4397805333137512
0	0.5573449730873108
0	0.5027968883514404
0	0.432574599981308
0	0.3244677782058716
0	0.5103380680084229
0	0.37432652711868286
0	0.49527159333229065
1	0.49771344661712646
1	0.46998804807662964
0	0.4687246084213257
0	0.652178943157196
0	0.5455505847930908
0	0.5101665258407593
0	0.6216754913330078
0	0.4141034483909607
0	0.6359554529190063
0	0.47284388542175293
0	0.34078848361968994
0	0.4509866237640381
0	0.44153180718421936
0	0.5316577553749084
0	0.5766952633857727
0	0.5684311389923096
0	0.6940973997116089
0	0.7250584363937378
0	0.7252845168113708
0	0.6888419389724731
0	0.704394519329071
0	0.6366931796073914
0	0.6138255000114441
0	0.5662351250648499
0	0.7356594204902649
0	0.4652964472770691
0	0.6718404293060303
0	0.5379045009613037
0	0.6566964983940125
0	0.5694871544837952
0	0.48685747385025024
0	0.5589139461517334
0	0.5818076729774475
0	0.7297970056533813
1	0.6741311550140381
1	0.6565515398979187
0	0.6554245948791504
1	0.7231276631355286
0	0.5332368612289429
0	0.6439989805221558
0	0.47364872694015503
0	0.6050952076911926
0	0.41957801580429077
0	0.7266398668289185
0	0.5790400505065918
0	0.6969728469848633
0	0.4737801253795624
0	0.5323299765586853
0	0.3164531886577606
0	0.5320219397544861
0	0.4808155298233032
0	0.4597148895263672
0	0.3935073912143707
0	0.33503443002700806
0	0.3628833591938019
0	0.3688957691192627
0	0.32574284076690674
0	0.3711072504520416
0	0.42720529437065125
0	0.4629993736743927
0	0.4205068051815033
1	0.45770788192749023
1	0.49037158489227295
1	0.34527289867401123
1	0.46283334493637085
1	0.534633994102478
1	0.6240612864494324
1	0.733935534954071
0	0.6737467050552368
1	0.6814185380935669
0	0.45406827330589294
0	0.6151404976844788
0	0.40470290184020996
0	0.6947408318519592
0	0.4053135812282562
0	0.49990275502204895
0	0.49498581886291504
0	0.4926963150501251
0	0.4470272660255432
0	0.44428470730781555
0	0.3935742974281311
0	0.3892122805118561
0	0.4595278799533844
0	0.4272439181804657
0	0.4121371805667877
0	0.4836132228374481
0	0.3566666543483734
0	0.41419824957847595
0	0.44463950395584106
0	0.5927170515060425
0	0.6289065480232239
0	0.5476957559585571
0	0.48630914092063904
0	0.4220191538333893
0	0.4320494532585144
0	0.39262959361076355
0	0.4863264560699463
0	0.39245104789733887
0	0.38786882162094116
0	0.492348849773407
0	0.39105305075645447
0	0.42259812355041504
1	0.409322589635849
0	0.356280118227005
1	0.481802761554718
0	0.506615161895752
1	0.6024275422096252
1	0.6405792832374573
1	0.44047486782073975
0	0.362882137298584
0	0.40614065527915955
0	0.4479435384273529
0	0.5095664262771606
0	0.4278971254825592
0	0.5047339200973511
0	0.5219208002090454
0	0.4183289110660553
0	0.5009620785713196
0	0.4974149167537689
0	0.3746064603328705
0	0.3590221107006073
0	0.45703768730163574
0	0.4967062771320343
0	0.4407714903354645
0	0.4828861951828003
0	0.4386459290981293
0	0.5394251346588135
0	0.42301541566848755
0	0.4074978530406952
0	0.4418748915195465
0	0.40631043910980225
0	0.43928489089012146
0	0.5624504089355469
0	0.4465472400188446
0	0.49031516909599304
0	0.45282599329948425
0	0.563971221446991
0	0.5864786505699158
0	0.4750920832157135
0	0.386391282081604
0	0.3703800141811371
0	0.4071560204029083
0	0.3655887544155121
1	0.49158281087875366
0	0.3960410952568054
0	0.422414630651474
0	0.4553326964378357
1	0.5553146004676819
1	0.6598256826400757
1	0.5886605381965637
0	0.5052101016044617
0	0.4238908290863037
0	0.4658868610858917
0	0.39697882533073425
0	0.408805251121521
0	0.39438164234161377
0	0.389065682888031
0	0.35479503870010376
0	0.38323667645454407
0	0.5105801224708557
0	0.47543126344680786
0	0.6698698997497559
0	0.5570554137229919
0	0.4064590334892273
0	0.6713184714317322
0	0.468828409910202
0	0.4579804539680481
0	0.5221076011657715
0	0.4708801209926605
0	0.5812755227088928
0	0.5667799711227417
0	0.4558488130569458
0	0.4324239194393158
0	0.6095945835113525
0	0.5339071154594421
0	0.4260562062263489
0	0.4222906231880188
0	0.7188711762428284
0	0.5374230146408081
0	0.43086671829223633
0	0.5128463506698608
0	0.4747605621814728
0	0.4128755033016205
0	0.41932058334350586
0	0.519396185874939
0	0.553339421749115
0	0.4983595311641693
0	0.5734681487083435
0	0.41694292426109314
0	0.3652224838733673
0	0.35503849387168884
0	0.3403659164905548
0	0.4102945029735565
0	0.4046323895454407
0	0.44957420229911804
0	0.4349146783351898
0	0.42786115407943726
0	0.4845817983150482
0	0.5049687623977661
1	0.4451018273830414
1	0.4132860004901886
0	0.40146639943122864
1	0.4586476683616638
0	0.5330716967582703
0	0.46103498339653015
0	0.44135209918022156
0	0.5524575114250183
0	0.6449810862541199
0	0.6323848366737366
0	0.5043712854385376
0	0.46747875213623047
0	0.5462737679481506
0	0.6548043489456177
0	0.48454299569129944
0	0.5910726189613342
0	0.6582558155059814
0	0.5576616525650024
0	0.4654660224914551
0	0.48727846145629883
0	0.4279283583164215
0	0.4746137261390686
0	0.49623051285743713
0	0.47660455107688904
0	0.5394930243492126
0	0.6489573121070862
0	0.4081364572048187
0	0.4870274066925049
0	0.4584689438343048
0	0.53501296043396
0	0.4740208685398102
0	0.6378828287124634
0	0.5832291841506958
0	0.6407211422920227
0	0.6762996315956116
0	0.5174776315689087
0	0.5233422517776489
0	0.5217279195785522
0	0.5421863794326782
0	0.4562596380710602
1	0.4645947813987732
0	0.4602124094963074
1	0.5189109444618225
1	0.5602952241897583
1	0.5039237141609192
1	0.46800458431243896
1	0.45180872082710266
0	0.4080290198326111
1	0.4992640018463135
0	0.5148745775222778
1	0.6626381874084473
1	0.6976041197776794
1	0.5012378096580505
0	0.41781020164489746
0	0.45581164956092834
0	0.5382577180862427
0	0.518334686756134
0	0.5154948234558105
0	0.492032915353775
0	0.5180912017822266
0	0.4701841473579407
0	0.48503294587135315
0	0.5282391309738159
0	0.4710550010204315
0	0.46642807126045227
1	0.6648139357566833
0	0.5705184936523438
0	0.656642735004425
0	0.5983286499977112
0	0.4960651695728302
0	0.5243923664093018
0	0.5069363117218018
0	0.44121813774108887
0	0.444076806306839
0	0.4670636057853699
0	0.47569772601127625
0	0.3817032277584076
0	0.4728615880012512
0	0.4323349893093109
0	0.44340139627456665
0	0.5501022338867188
0	0.460877388715744
0	0.5179228186607361
0	0.5009572505950928
0	0.6119071245193481
0	0.6023229360580444
0	0.5062369704246521
0	0.45661523938179016
0	0.44907617568969727
0	0.4128749370574951
0	0.40720757842063904
1	0.5190721750259399
0	0.4547951817512512
0	0.5777490735054016
1	0.5290878415107727
1	0.5642141699790955
1	0.625458836555481
1	0.5430989265441895
0	0.48599815368652344
0	0.44196560978889465
1	0.42814555764198303
0	0.4186098873615265
0	0.4650500416755676
0	0.4321015179157257
0	0.4731142520904541
0	0.4830496311187744
0	0.4494650959968567
0	0.5953023433685303
0	0.6399993300437927
0	0.6715922951698303
0	0.6656891107559204
0	0.5679634809494019
0	0.6579044461250305
0	0.6334131956100464
0	0.4880746901035309
0	0.4296257495880127
0	0.596878170967102
0	0.533261239528656
0	0.43359285593032837
0	0.5529058575630188
0	0.606376588344574
0	0.5667667984962463
0	0.5580156445503235
0	0.6271506547927856
0	0.49906453490257263
0	0.5058085918426514
0	0.6928779482841492
0	0.606461763381958
0	0.4926638901233673
0	0.44619661569595337
0	0.5277408957481384
0	0.4495340883731842
0	0.4624274969100952
0	0.5095083713531494
0	0.6409698128700256
0	0.610456109046936
0	0.6423742771148682
0	0.485561341047287
0	0.4406774044036865
0	0.3940175175666809
1	0.47938787937164307
0	0.4238792657852173
1	0.46726560592651367
1	0.4241386651992798
0	0.5126211643218994
0	0.4635695517063141
0	0.5294097661972046
0	0.46845903992652893
0	0.6588212847709656
0	0.6283792853355408
0	0.5058968663215637
0	0.5008528232574463
0	0.6514869928359985
0	0.8346971869468689
0	0.8304159641265869
0	0.7939842343330383
0	0.7711291313171387
0	0.6749099493026733
0	0.6746248602867126
0	0.6105720400810242
0	0.5045161247253418
0	0.5117802023887634
0	0.4981156289577484
0	0.46405771374702454
0	0.5604867339134216
0	0.4589886963367462
0	0.573250412940979
0	0.5770023465156555
0	0.6018303632736206
0	0.6687173843383789
0	0.5326877236366272
0	0.6282855868339539
1	0.5350221395492554
1	0.6429527401924133
0	0.5140905380249023
0	0.4650004506111145
1	0.5554720163345337
1	0.5451223254203796
0	0.419784277677536
1	0.7054439187049866
0	0.5046693682670593
1	0.6437831521034241
0	0.5895642042160034
0	0.651630699634552
0	0.46906575560569763
0	0.6147769689559937
0	0.6509592533111572
0	0.6734567284584045
0	0.6067066788673401
0	0.6896312236785889
0	0.49858400225639343
0	0.678658127784729
0	0.5420534610748291
1	0.5814357399940491
0	0.4662516713142395
0	0.5531333684921265
0	0.5283029079437256
0	0.5289933681488037
0	0.557985782623291
0	0.6798534393310547
0	0.7083867192268372
0	0.6855080127716064
0	0.6883560419082642
0	0.6491737961769104
0	0.6745080947875977
0	0.5744929909706116
0	0.6138026714324951
0	0.5158923864364624
0	0.6171228885650635
0	0.461568146944046
0	0.4737378656864166
0	0.5024526715278625
0	0.5161093473434448
0	0.5047010183334351
0	0.601298451423645
0	0.612082302570343
0	0.6054964065551758
0	0.636617124080658
0	0.5354264378547668
0	0.49254149198532104
0	0.5236862301826477
0	0.5282155871391296
0	0.46310028433799744
0	0.5025638937950134
0	0.5166434645652771
0	0.4823577404022217
0	0.44959133863449097
0	0.4506264626979828
0	0.6569346189498901
0	0.5061250925064087
0	0.5891762375831604
0	0.6848573088645935
0	0.5737854838371277
0	0.46257659792900085
0	0.450920432806015
0	0.43440961837768555
0	0.5064968466758728
0	0.47092607617378235
0	0.5809210538864136
0	0.6501892805099487
0	0.7004411816596985
0	0.6656322479248047
0	0.597930908203125
0	0.5033118724822998
0	0.5981084108352661
0	0.49613261222839355
0	0.4287334978580475
0	0.5361391305923462
0	0.4991760849952698
0	0.4411274194717407
0	0.6142699718475342
0	0.6160376667976379
0	0.4703506529331207
0	0.6761148571968079
0	0.6337385773658752
0	0.6502755284309387
0	0.5042499303817749
0	0.5533131957054138
0	0.5629377961158752
0	0.5564146637916565
0	0.6583606004714966
0	0.649876058101654
0	0.6139313578605652
0	0.6708046197891235
0	0.542335569858551
0	0.6391364336013794
0	0.700600802898407
0	0.5514732599258423
0	0.6218321919441223
0	0.5596820116043091
0	0.4837125539779663
0	0.6737585663795471
0	0.6371749639511108
0	0.5420328974723816
0	0.6482023000717163
0	0.6151526570320129
0	0.6323224902153015
0	0.6368395090103149
0	0.6895162463188171
0	0.6653152704238892
0	0.5753260254859924
0	0.5139638781547546
0	0.5300628542900085
0	0.5390790700912476
0	0.42341455817222595
0	0.5092393159866333
0	0.45219528675079346
0	0.550466775894165
0	0.5689731240272522
0	0.4993821978569031
0	0.5051401853561401
0	0.6916000247001648
0	0.7041431665420532
0	0.6952027678489685
0	0.6514727473258972
0	0.6649212837219238
0	0.5108473300933838
0	0.5507062673568726
0	0.6065780520439148
0	0.46398594975471497
0	0.630124032497406
0	0.46855658292770386
0	0.5062169432640076
0	0.6324701309204102
1	0.4916805922985077
1	0.5368542075157166
1	0.5386492609977722
1	0.5521562695503235
1	0.5381678938865662
1	0.661140501499176
1	0.565606951713562
0	0.661217987537384
0	0.4983408749103546
1	0.7150311470031738
1	0.680863082408905
0	0.6438308954238892
0	0.6938276290893555
0	0.7098104357719421
0	0.6023332476615906
0	0.569913923740387
0	0.5654230713844299
0	0.6660054922103882
0	0.5324262976646423
1	0.5262702703475952
0	0.4944136142730713
0	0.5931711196899414
1	0.48908570408821106
0	0.5439441204071045
0	0.642547607421875
0	0.5093069672584534
0	0.6129944920539856
0	0.6446786522865295
0	0.6956441402435303
0	0.6358391642570496
0	0.4834071099758148
0	0.6254304051399231
0	0.6203765869140625
0	0.5397030115127563
0	0.6934718489646912
0	0.714205265045166
0	0.6686647534370422
0	0.6349957585334778
0	0.6316640973091125
0	0.6025018095970154
0	0.6099960207939148
0	0.6567561030387878
0	0.5043981671333313
0	0.6444714665412903
1	0.5530897378921509
0	0.5949940085411072
1	0.7278032898902893
1	0.7233107686042786
0	0.7177321314811707
0	0.6581135988235474
0	0.6931052803993225
0	0.7014179229736328
1	0.5401632785797119
0	0.5629091858863831
0	0.6345154047012329
0	0.5412492156028748
0	0.435608834028244
1	0.47657889127731323
1	0.4698296785354614
1	0.5084514617919922
1	0.49843066930770874
1	0.4989412724971771
0	0.46655720472335815
1	0.4570304751396179
0	0.49370402097702026
0	0.5702248215675354
0	0.6847234964370728
