0	0.5853225588798523
0	0.5987449884414673
0	0.5204958915710449
0	0.5566155910491943
0	0.43180978298187256
0	0.5518530011177063
0	0.46337589621543884
0	0.4462086260318756
0	0.48816967010498047
0	0.4526006877422333
0	0.44902822375297546
0	0.43774697184562683
0	0.5294149518013
0	0.4807078540325165
0	0.47954830527305603
0	0.46089911460876465
0	0.6030678749084473
0	0.5431744456291199
0	0.5362852215766907
0	0.7148321270942688
0	0.4646212160587311
0	0.4949072003364563
0	0.424265593290329
0	0.34672069549560547
0	0.3901699185371399
0	0.37029707431793213
0	0.4087347984313965
0	0.4381240904331207
0	0.4123121500015259
0	0.4122656285762787
0	0.39770084619522095
0	0.6080974340438843
0	0.5683383345603943
0	0.6790424585342407
0	0.6441954970359802
1	0.805208683013916
0	0.7930250763893127
1	0.945705771446228
1	0.8921034932136536
0	0.7286112904548645
0	0.6064462065696716
1	0.5459190011024475
0	0.4911256730556488
0	0.5035715699195862
0	0.3775450885295868
0	0.43488508462905884
0	0.3723243474960327
0	0.46129798889160156
0	0.4208146333694458
0	0.418296217918396
0	0.45483118295669556
0	0.4091612696647644
0	0.5795778632164001
0	0.39107808470726013
0	0.5337039232254028
0	0.45905381441116333
0	0.42063286900520325
1	0.4758680760860443
1	0.5369871854782104
1	0.5393962264060974
1	0.5249936580657959
1	0.6711626052856445
1	0.6021963357925415
1	0.6425895094871521
1	0.5907250046730042
0	0.7543960809707642
0	0.4961090087890625
0	0.464961975812912
0	0.44978585839271545
0	0.4423791766166687
0	0.41230183839797974
0	0.44371679425239563
0	0.4485554099082947
0	0.44836437702178955
0	0.4325731098651886
0	0.44677165150642395
0	0.42252910137176514
1	0.6612212061882019
1	0.5784783959388733
1	0.5923835039138794
1	0.6745786666870117
0	0.6419705748558044
0	0.7005516290664673
1	0.7376875281333923
0	0.7031052112579346
1	0.7583685517311096
0	0.7596426606178284
1	0.6197832822799683
0	0.4503780007362366
1	0.47046661376953125
0	0.4348856210708618
1	0.4313656985759735
0	0.441866010427475
0	0.4257670044898987
0	0.4456472396850586
0	0.43432527780532837
0	0.4884394109249115
0	0.46461009979248047
0	0.3661215305328369
0	0.487175852060318
0	0.49530860781669617
0	0.43609869480133057
0	0.585178017616272
0	0.5225867033004761
0	0.48186054825782776
1	0.46218132972717285
0	0.4597002863883972
1	0.49464771151542664
0	0.4344996213912964
0	0.4610047936439514
0	0.546058177947998
0	0.4312664270401001
0	0.43858852982521057
0	0.48875364661216736
0	0.5045689344406128
0	0.4885721504688263
0	0.5816114544868469
0	0.4986334443092346
0	0.5787599682807922
0	0.5324053764343262
0	0.5187737345695496
0	0.43518775701522827
0	0.4196326732635498
0	0.4442899227142334
0	0.4356881082057953
0	0.3816242516040802
0	0.4516700804233551
0	0.3947705030441284
0	0.4686909317970276
0	0.5249746441841125
0	0.4720369875431061
0	0.4429090619087219
0	0.3805686831474304
0	0.436556875705719
0	0.4859938621520996
0	0.595069944858551
0	0.4849424362182617
0	0.539383053779602
0	0.6157492995262146
0	0.7572669982910156
0	0.6475627422332764
0	0.5972940921783447
0	0.47134631872177124
0	0.41093388199806213
0	0.42893722653388977
0	0.3929416537284851
0	0.5100221037864685
0	0.4264591336250305
0	0.4558831751346588
0	0.4817188084125519
0	0.4606137275695801
0	0.439505934715271
0	0.46899837255477905
0	0.4635418653488159
0	0.4966513514518738
0	0.4216036796569824
0	0.3933168649673462
0	0.4652635157108307
0	0.40882396697998047
0	0.5355735421180725
0	0.47478222846984863
0	0.5098071098327637
0	0.6855143904685974
0	0.7442222237586975
0	0.69488126039505
0	0.6649057865142822
0	0.6624905467033386
0	0.6700425744056702
0	0.6671704053878784
0	0.619811475276947
0	0.4160633981227875
0	0.5251763463020325
0	0.4101959764957428
0	0.4084814488887787
0	0.36959290504455566
0	0.3817625045776367
0	0.44441190361976624
0	0.4297390580177307
0	0.44430914521217346
0	0.37562474608421326
0	0.4021819531917572
0	0.41777244210243225
0	0.6368438601493835
0	0.5011865496635437
0	0.6667134165763855
0	0.7082595825195312
0	0.654614269733429
0	0.4571610987186432
0	0.42779549956321716
0	0.46087220311164856
0	0.4072624444961548
0	0.3959348201751709
0	0.3938031792640686
0	0.41490963101387024
0	0.38588595390319824
0	0.46580904722213745
0	0.5868773460388184
0	0.474280446767807
0	0.39760035276412964
0	0.4697512984275818
0	0.42664408683776855
0	0.3909103572368622
0	0.4292689561843872
0	0.427584171295166
0	0.4690377116203308
0	0.527137815952301
0	0.5561925768852234
0	0.44355130195617676
0	0.5075055956840515
0	0.5342767834663391
0	0.6564507484436035
0	0.6332927346229553
0	0.6465899348258972
0	0.6608537435531616
0	0.6583688855171204
0	0.5204806923866272
0	0.47358107566833496
0	0.4058736562728882
0	0.41898033022880554
0	0.4258498251438141
0	0.36926937103271484
0	0.45283588767051697
0	0.43699994683265686
0	0.4220011532306671
0	0.4242011308670044
0	0.400478720664978
0	0.43715694546699524
0	0.627726674079895
0	0.6799627542495728
0	0.5271763801574707
0	0.6146016120910645
0	0.48978668451309204
0	0.46671342849731445
0	0.44626131653785706
0	0.4275660514831543
0	0.42156195640563965
0	0.39321139454841614
0	0.4456077218055725
0	0.42458397150039673
0	0.4495088458061218
0	0.4849971532821655
0	0.45193052291870117
0	0.4642340838909149
0	0.4300641119480133
0	0.4464193880558014
0	0.4968213438987732
0	0.43614596128463745
0	0.5551491379737854
0	0.5848694443702698
0	0.6512923836708069
0	0.5128556489944458
0	0.6655049920082092
0	0.7033953070640564
0	0.6829273700714111
0	0.4495757222175598
0	0.586249589920044
0	0.40312016010284424
0	0.42542630434036255
0	0.4098796844482422
0	0.40201231837272644
0	0.42425525188446045
0	0.4076865017414093
0	0.43918660283088684
0	0.48692965507507324
0	0.38489577174186707
0	0.4059816002845764
0	0.4380757212638855
0	0.43875712156295776
0	0.5136390328407288
0	0.4601610600948334
0	0.6286236643791199
0	0.5408836603164673
0	0.5082296133041382
0	0.4811703860759735
0	0.4799678921699524
0	0.45758047699928284
0	0.4539012014865875
0	0.39078962802886963
0	0.4717954397201538
0	0.40524354577064514
0	0.44101211428642273
0	0.4045250713825226
0	0.4643983840942383
0	0.4779391288757324
0	0.5748674869537354
0	0.719258725643158
0	0.699205219745636
0	0.5096434950828552
0	0.707304060459137
0	0.42338937520980835
0	0.7092187404632568
0	0.5422379970550537
0	0.7399559020996094
0	0.48062044382095337
0	0.6994176506996155
0	0.6186265349388123
0	0.452212929725647
0	0.6839100122451782
0	0.575779139995575
0	0.7449899315834045
0	0.3945256769657135
0	0.5976943373680115
0	0.5911720991134644
0	0.6877198219299316
0	0.7323763370513916
0	0.5837096571922302
0	0.6732456088066101
0	0.4449833929538727
0	0.7020230293273926
0	0.6632722020149231
1	0.6743721961975098
1	0.573090672492981
1	0.5138951539993286
1	0.7022597193717957
0	0.43905919790267944
0	0.5641754269599915
0	0.5015062689781189
0	0.49620115756988525
0	0.47764429450035095
0	0.4284340739250183
0	0.5495026707649231
0	0.6995877027511597
0	0.6443413496017456
0	0.3740323781967163
0	0.4225868582725525
0	0.5526755452156067
0	0.4192388951778412
0	0.3724589943885803
0	0.4614657759666443
0	0.44243890047073364
0	0.3810841739177704
0	0.5509655475616455
0	0.5166395306587219
1	0.6519390940666199
1	0.48757204413414
1	0.6887656450271606
1	0.5187418460845947
1	0.7865296006202698
1	0.7231311798095703
0	0.4629686176776886
0	0.6824644207954407
0	0.7648318409919739
0	0.5832948088645935
0	0.4238626956939697
0	0.5667580366134644
0	0.4860507547855377
0	0.519640326499939
0	0.47816503047943115
0	0.5420638918876648
0	0.5045853853225708
0	0.5552582740783691
0	0.5313539505004883
0	0.530418872833252
0	0.5403902530670166
0	0.4374433159828186
0	0.5245032906532288
0	0.47076231241226196
0	0.5119450688362122
0	0.5176498889923096
0	0.6436901092529297
0	0.6990389227867126
0	0.5940124988555908
0	0.72562175989151
0	0.6806609630584717
0	0.48588576912879944
0	0.6959185600280762
0	0.741126298904419
0	0.7083231210708618
0	0.6860422492027283
0	0.5810231566429138
0	0.7311933636665344
0	0.4626452624797821
0	0.6851000785827637
0	0.3903959393501282
0	0.6134200692176819
0	0.554113507270813
0	0.5536472201347351
0	0.5583235621452332
0	0.6283801198005676
0	0.45057380199432373
0	0.484895795583725
1	0.6585114598274231
1	0.5478327870368958
1	0.5931740999221802
1	0.6816657781600952
0	0.6039271354675293
0	0.5536391735076904
0	0.6171340346336365
1	0.386278361082077
0	0.4478086531162262
0	0.6501801013946533
0	0.4231712222099304
0	0.36747798323631287
1	0.5451541543006897
1	0.5050997138023376
0	0.4774782359600067
1	0.7066025137901306
0	0.7460008263587952
0	0.8125331997871399
1	0.7858767509460449
1	0.6459482312202454
0	0.6381305456161499
1	0.6566302180290222
1	0.6330236792564392
0	0.563228964805603
0	0.6543328762054443
0	0.41259458661079407
0	0.506273627281189
0	0.4650985300540924
0	0.5114274621009827
0	0.6487207412719727
0	0.7047638297080994
0	0.6268355250358582
0	0.6667360067367554
0	0.5665719509124756
0	0.6848412156105042
0	0.542756974697113
0	0.598843514919281
0	0.5245113372802734
0	0.5386863350868225
0	0.6296253204345703
0	0.6096380352973938
0	0.6255934834480286
0	0.45396316051483154
0	0.6566641926765442
0	0.6545501947402954
0	0.42601463198661804
0	0.4961215555667877
0	0.4613385796546936
0	0.49661359190940857
0	0.47414225339889526
0	0.5610127449035645
0	0.4942350387573242
0	0.65361088514328
0	0.6908575296401978
0	0.6159758567810059
0	0.5511800646781921
0	0.38834062218666077
0	0.6075236797332764
0	0.773931086063385
0	0.759286642074585
0	0.770183265209198
0	0.5741021037101746
0	0.76629638671875
0	0.6558023691177368
0	0.7716692686080933
0	0.7012155652046204
0	0.7132745385169983
0	0.7098124623298645
0	0.7063619494438171
0	0.5774907469749451
0	0.619965672492981
0	0.4627302289009094
0	0.5194419026374817
0	0.5087312459945679
0	0.6661441326141357
0	0.5244284868240356
0	0.589996337890625
0	0.6269084215164185
0	0.6060502529144287
0	0.3799467384815216
0	0.4162030816078186
0	0.6025378108024597
0	0.4187471866607666
0	0.38382700085639954
0	0.5112151503562927
0	0.4203466773033142
0	0.5049366354942322
0	0.6212059855461121
0	0.7004844546318054
0	0.716833233833313
0	0.7072598934173584
0	0.6295266151428223
0	0.6592603325843811
0	0.4548221528530121
0	0.7606586813926697
0	0.5142464637756348
0	0.564021110534668
0	0.6870706677436829
0	0.7140300273895264
0	0.7018868327140808
0	0.5879164934158325
0	0.48912978172302246
0	0.6424192786216736
0	0.5731178522109985
0	0.5892565846443176
0	0.5098504424095154
0	0.4785650670528412
0	0.8149445652961731
0	0.4241926074028015
0	0.49250656366348267
0	0.5146346092224121
0	0.4756702184677124
1	0.47642555832862854
1	0.45448023080825806
0	0.5047414302825928
0	0.6575051546096802
1	0.6383277177810669
0	0.5500347018241882
1	0.4270187020301819
1	0.4240339696407318
1	0.5495039820671082
1	0.4785737991333008
1	0.36058804392814636
1	0.43826353549957275
0	0.5628114342689514
0	0.7136459350585938
0	0.7482092380523682
0	0.830532968044281
0	0.732460081577301
0	0.7211393117904663
0	0.7784625291824341
0	0.5937902331352234
0	0.6720420122146606
0	0.41836073994636536
0	0.6919658780097961
0	0.40509459376335144
1	0.5084714889526367
1	0.7707257866859436
1	0.5192720890045166
1	0.4051150977611542
0	0.5341899991035461
0	0.5421462655067444
1	0.6741257905960083
0	0.6693194508552551
0	0.7059417366981506
1	0.7478694915771484
1	0.48173612356185913
1	0.4298347234725952
1	0.4711023271083832
0	0.4484369158744812
1	0.4549407958984375
0	0.5130077004432678
0	0.44965630769729614
0	0.43946629762649536
0	0.4209195375442505
0	0.5148682594299316
0	0.47227978706359863
0	0.5182005167007446
0	0.4706307351589203
0	0.560231626033783
0	0.44134843349456787
0	0.4021637439727783
0	0.4712654650211334
0	0.5109536051750183
0	0.511096179485321
0	0.40661340951919556
0	0.45069193840026855
0	0.4332488179206848
0	0.4524025321006775
0	0.4899209141731262
0	0.5317311882972717
0	0.686984658241272
0	0.7131730318069458
0	0.7236008644104004
1	0.8066295981407166
0	0.6710030436515808
1	0.7093003392219543
0	0.5708956122398376
0	0.5655288100242615
0	0.5132800340652466
0	0.4687672555446625
0	0.389471173286438
0	0.45729970932006836
0	0.43725085258483887
0	0.47882187366485596
0	0.5886757373809814
0	0.5820713639259338
0	0.6465021967887878
0	0.45840680599212646
0	0.5203351378440857
0	0.6726774573326111
0	0.6139617562294006
1	0.6609365344047546
1	0.5344721674919128
0	0.7177354097366333
0	0.6610581278800964
0	0.4277344346046448
0	0.4665280282497406
0	0.4647010266780853
0	0.48368194699287415
0	0.5473331212997437
0	0.5306980609893799
0	0.4431456923484802
0	0.5643338561058044
0	0.6658027768135071
1	0.6551180481910706
1	0.7380830645561218
0	0.43209928274154663
1	0.6983120441436768
1	0.6745206117630005
0	0.49389219284057617
0	0.5998700857162476
0	0.647437572479248
0	0.44108763337135315
0	0.4952523410320282
0	0.6043177843093872
0	0.6924744844436646
0	0.6157155632972717
0	0.6996451020240784
0	0.7383573055267334
0	0.7231703996658325
0	0.5288693904876709
0	0.7223555445671082
0	0.7418515682220459
0	0.6870216727256775
0	0.7127647995948792
1	0.781473696231842
0	0.5905318856239319
0	0.6348376870155334
1	0.8283389806747437
0	0.7448540925979614
0	0.5297632813453674
1	0.7882301211357117
1	0.7740852236747742
0	0.6367217898368835
1	0.7387546300888062
1	0.7368438243865967
1	0.6120011806488037
1	0.6545320153236389
1	0.7881782650947571
1	0.8476503491401672
0	0.628944993019104
0	0.6237726211547852
0	0.5501903295516968
0	0.5141887664794922
0	0.6973986625671387
0	0.6043476462364197
1	0.6168821454048157
0	0.5005916953086853
0	0.640961766242981
0	0.4548485577106476
0	0.638268768787384
0	0.4709526598453522
0	0.6048579812049866
0	0.6428426504135132
0	0.7196444869041443
0	0.8118244409561157
0	0.7366403341293335
0	0.6747931838035583
0	0.7327246069908142
0	0.7233861684799194
0	0.672019898891449
0	0.6976923942565918
0	0.46778735518455505
0	0.6425237059593201
0	0.47845908999443054
0	0.4387418031692505
0	0.48126596212387085
0	0.4855961799621582
0	0.4174934923648834
0	0.5006428360939026
0	0.6011562943458557
0	0.456262469291687
0	0.5629866719245911
0	0.662274956703186
1	0.7912524938583374
0	0.42752140760421753
0	0.7590341567993164
0	0.8588429093360901
1	0.9007737040519714
0	0.7518815398216248
0	0.8036128282546997
0	0.7157307267189026
0	0.5343663692474365
0	0.590803861618042
0	0.6088457107543945
0	0.7284661531448364
0	0.48600348830223083
0	0.4513528645038605
0	0.6990065574645996
0	0.5958242416381836
0	0.511803925037384
0	0.5252332091331482
0	0.5760313868522644
0	0.7249968647956848
0	0.6933553218841553
0	0.5601553916931152
0	0.7473632097244263
0	0.725292444229126
0	0.6427304744720459
0	0.528860867023468
0	0.47360408306121826
0	0.5643830895423889
0	0.4640933573246002
0	0.4662286639213562
0	0.4876919686794281
1	0.4439002275466919
0	0.4939640462398529
1	0.5924195647239685
1	0.6402590870857239
0	0.6301365494728088
1	0.5804133415222168
0	0.5428629517555237
0	0.6902673244476318
0	0.74479740858078
0	0.6931619644165039
0	0.7257434129714966
1	0.8026630878448486
1	0.8241208791732788
0	0.5817520022392273
1	0.6909084320068359
0	0.7604689002037048
0	0.46399712562561035
0	0.7277967929840088
0	0.5132131576538086
0	0.4358009696006775
0	0.47084829211235046
0	0.4158141613006592
0	0.6488514542579651
0	0.5063323974609375
1	0.7284826636314392
0	0.8514135479927063
0	0.6319655179977417
1	0.5806348919868469
1	0.7435945868492126
1	0.7603365778923035
1	0.6827242374420166
1	0.5537126064300537
0	0.5300050973892212
0	0.4757917821407318
0	0.592098593711853
0	0.6043364405632019
0	0.8129463195800781
0	0.7207115888595581
0	0.489580363035202
0	0.798506498336792
0	0.7450910806655884
0	0.532690703868866
0	0.7052998542785645
0	0.5716623663902283
0	0.6631255149841309
0	0.6636835932731628
0	0.6897293329238892
0	0.8281406164169312
0	0.8006616234779358
0	0.7368965744972229
0	0.8138796091079712
0	0.7481862902641296
0	0.6796315908432007
0	0.6198784708976746
0	0.5122249722480774
0	0.5508442521095276
0	0.6974473595619202
0	0.4252012372016907
0	0.5913179516792297
0	0.7866693735122681
0	0.46763870120048523
0	0.49849677085876465
0	0.7152848243713379
0	0.5291008949279785
0	0.5782428979873657
0	0.7284970283508301
0	0.4931642711162567
0	0.6304435133934021
0	0.45828548073768616
0	0.5061023831367493
0	0.4146426022052765
0	0.47756484150886536
0	0.42750877141952515
0	0.374394029378891
0	0.6600229144096375
0	0.580369770526886
0	0.5292374491691589
0	0.5690488815307617
0	0.5877060890197754
0	0.46271267533302307
0	0.6566494107246399
0	0.801875650882721
0	0.5701522827148438
0	0.690441370010376
0	0.5028336048126221
0	0.6185276508331299
0	0.5324549078941345
0	0.5333220958709717
0	0.7777870893478394
0	0.5798012018203735
0	0.41055828332901
0	0.4726547300815582
0	0.4653368592262268
0	0.46720197796821594
0	0.5350478887557983
0	0.4839661121368408
0	0.4444078207015991
0	0.6488966941833496
0	0.6958194971084595
0	0.6235752701759338
0	0.5137660503387451
0	0.5544245839118958
0	0.5827975869178772
0	0.47087204456329346
0	0.6114321947097778
0	0.48153746128082275
0	0.49787747859954834
0	0.5510920882225037
0	0.46315720677375793
0	0.5914700627326965
0	0.6552642583847046
0	0.6732741594314575
0	0.7175909280776978
0	0.7598171830177307
0	0.8325698971748352
0	0.9026617407798767
0	0.78423672914505
0	0.7566915154457092
0	0.7618870735168457
0	0.5974099636077881
0	0.6161513328552246
0	0.5186344981193542
0	0.6374111175537109
0	0.59060138463974
0	0.5288734436035156
0	0.5270528793334961
0	0.5529883503913879
0	0.6754674315452576
0	0.7275501489639282
0	0.7025362849235535
0	0.6691330671310425
0	0.6558277606964111
0	0.5905764102935791
0	0.5027218461036682
0	0.5840232372283936
0	0.5416909456253052
0	0.48595309257507324
0	0.5214608311653137
0	0.48981398344039917
0	0.5835398435592651
0	0.5777876973152161
0	0.6206969618797302
1	0.595708429813385
0	0.7023382186889648
1	0.7727842926979065
1	0.6990967392921448
1	0.6793422698974609
0	0.6939342617988586
1	0.7332596778869629
1	0.6750898957252502
1	0.5550185441970825
1	0.6950900554656982
0	0.6803935766220093
1	0.7216176986694336
0	0.6890151500701904
0	0.6253582239151001
0	0.5622223615646362
0	0.5659384727478027
0	0.7023456692695618
0	0.6826485991477966
0	0.6478530168533325
0	0.7263924479484558
0	0.7292106747627258
0	0.7779952883720398
0	0.7751340866088867
0	0.8105161786079407
0	0.6915524005889893
0	0.6337647438049316
0	0.6875869035720825
0	0.6178028583526611
0	0.6042829155921936
0	0.5271303653717041
0	0.6589473485946655
0	0.48042264580726624
1	0.7553018927574158
1	0.6029761433601379
1	0.5315691232681274
1	0.6896200180053711
1	0.704235851764679
1	0.7620606422424316
1	0.7567614316940308
1	0.7099869847297668
0	0.6642586588859558
0	0.5054280757904053
0	0.6166107654571533
0	0.5784910321235657
0	0.6727718710899353
0	0.6570146083831787
0	0.656854510307312
0	0.49561986327171326
0	0.6796422004699707
0	0.4661177396774292
0	0.6131433844566345
0	0.5797087550163269
0	0.6624845266342163
0	0.6232582926750183
0	0.6886188983917236
0	0.6624923348426819
0	0.6899428367614746
0	0.6844304203987122
0	0.6988722085952759
0	0.6817658543586731
0	0.47242271900177
0	0.6158872842788696
0	0.6495088338851929
0	0.5619124174118042
0	0.4478738009929657
0	0.45906341075897217
0	0.5812804102897644
0	0.4807594418525696
0	0.5203329920768738
0	0.40300115942955017
0	0.4944208860397339
1	0.512182354927063
0	0.6697301864624023
1	0.49477866291999817
0	0.5313583016395569
0	0.48743849992752075
0	0.40911775827407837
1	0.41393834352493286
0	0.43344229459762573
0	0.4921068549156189
0	0.4222326874732971
0	0.4369456171989441
0	0.33031246066093445
0	0.44741061329841614
0	0.37645572423934937
0	0.5148870348930359
0	0.6035900115966797
0	0.4301372170448303
0	0.515301525592804
0	0.6581355333328247
0	0.8293760418891907
0	0.7179727554321289
0	0.5554570555686951
0	0.7774606347084045
0	0.6569809317588806
0	0.5151142477989197
0	0.4495232403278351
0	0.4903671443462372
0	0.48701977729797363
0	0.5104886293411255
0	0.4390393793582916
0	0.45954132080078125
0	0.49078667163848877
0	0.5859827399253845
0	0.42370709776878357
0	0.5334839224815369
0	0.4476289749145508
0	0.46477270126342773
0	0.47018399834632874
0	0.42280787229537964
0	0.46407824754714966
0	0.3864779472351074
0	0.429404616355896
1	0.48923516273498535
1	0.47501009702682495
1	0.5298293232917786
1	0.723520815372467
1	0.6347100734710693
0	0.6269647479057312
1	0.42743661999702454
1	0.5164311528205872
1	0.4355275332927704
0	0.5311560034751892
0	0.49707093834877014
0	0.5230445861816406
0	0.5077801942825317
0	0.4620719254016876
0	0.5618574619293213
0	0.6542417407035828
0	0.47842857241630554
0	0.5619202256202698
0	0.5042304992675781
0	0.5142192244529724
0	0.42100977897644043
0	0.46512630581855774
0	0.4144543707370758
1	0.5886691808700562
1	0.4404405951499939
1	0.587054967880249
1	0.5916340947151184
0	0.6930528879165649
0	0.6908336877822876
0	0.5262400507926941
0	0.4933473467826843
0	0.5301623940467834
0	0.5904526710510254
0	0.514739453792572
0	0.5842040181159973
0	0.5861474275588989
0	0.5614138245582581
0	0.445661723613739
0	0.4376477599143982
0	0.4673914313316345
0	0.64738929271698
0	0.6266298890113831
0	0.7256813645362854
0	0.7953519225120544
0	0.6358144879341125
0	0.41544610261917114
0	0.4487778842449188
0	0.4549204707145691
0	0.48070666193962097
0	0.5091046690940857
0	0.535612165927887
0	0.5226089954376221
0	0.6659078001976013
0	0.5551403164863586
0	0.6431400179862976
0	0.6001278162002563
0	0.5873981714248657
0	0.5426393747329712
0	0.6805663704872131
0	0.549720287322998
0	0.4876054525375366
0	0.6907306909561157
0	0.6182813048362732
1	0.5225178599357605
1	0.5520035028457642
1	0.5140378475189209
0	0.6808028221130371
0	0.6617026329040527
0	0.47973182797431946
0	0.5028971433639526
0	0.4478355944156647
0	0.6166642904281616
0	0.535038948059082
0	0.5286098718643188
0	0.46481841802597046
0	0.5200139284133911
0	0.44865915179252625
0	0.5522745847702026
0	0.44612956047058105
0	0.5681767463684082
0	0.4676670730113983
0	0.4573165476322174
0	0.4927119314670563
0	0.4794909656047821
0	0.5573531985282898
0	0.5004945397377014
0	0.7040512561798096
0	0.3972620666027069
1	0.5630397200584412
1	0.5987561941146851
1	0.5075768232345581
1	0.42206814885139465
0	0.46009892225265503
0	0.461078405380249
0	0.660176694393158
1	0.5120911002159119
1	0.8283007144927979
1	0.6457734704017639
0	0.6940991878509521
0	0.7068854570388794
0	0.7170870900154114
0	0.5667620897293091
0	0.6234326362609863
0	0.5889090895652771
0	0.584090530872345
0	0.7763303518295288
0	0.45019859075546265
0	0.6445301175117493
0	0.5392935276031494
0	0.5387212038040161
0	0.47340938448905945
0	0.4188811779022217
0	0.49452558159828186
0	0.6451895833015442
0	0.5650923848152161
0	0.6799427270889282
0	0.43642163276672363
0	0.6194992661476135
0	0.5306124091148376
0	0.47526639699935913
1	0.5949127078056335
1	0.5992839932441711
0	0.3908400535583496
0	0.5070682764053345
0	0.654053270816803
0	0.5030236840248108
0	0.6932520866394043
1	0.6998095512390137
1	0.7884893417358398
0	0.5345227122306824
0	0.6705940365791321
0	0.7130361795425415
0	0.5705576539039612
0	0.6541234254837036
0	0.6933245062828064
0	0.592626690864563
0	0.7165590524673462
0	0.8827599883079529
0	0.6663686633110046
0	0.4406959116458893
0	0.743736743927002
0	0.7108275890350342
0	0.5803491473197937
0	0.808908224105835
0	0.6090218424797058
0	0.4328937530517578
0	0.5621470212936401
0	0.7819175124168396
0	0.769620418548584
0	0.6605993509292603
0	0.4845489263534546
0	0.4923838675022125
0	0.47330400347709656
0	0.5124691128730774
0	0.4513953626155853
0	0.5696598291397095
1	0.5057206749916077
0	0.4625812768936157
1	0.4556815028190613
0	0.5706039071083069
0	0.43145957589149475
1	0.5041400194168091
1	0.5872891545295715
1	0.7524799108505249
1	0.8600875735282898
1	0.8405973315238953
0	0.7155372500419617
1	0.815095841884613
1	0.5776568651199341
1	0.7352516651153564
1	0.6355258226394653
1	0.6189402341842651
0	0.45399317145347595
0	0.4267653822898865
0	0.44487518072128296
0	0.5765434503555298
0	0.47309839725494385
0	0.5220822691917419
0	0.5200552344322205
0	0.5666747093200684
0	0.6642006039619446
0	0.8558639883995056
0	0.4142724871635437
0	0.6914987564086914
0	0.8587305545806885
0	0.8918729424476624
0	0.7584186792373657
0	0.7795138359069824
0	0.7049341201782227
0	0.6751136779785156
0	0.5591230988502502
0	0.5077002048492432
1	0.7011354565620422
0	0.4193114936351776
0	0.47654271125793457
0	0.4256772994995117
1	0.496873140335083
1	0.5189859867095947
1	0.5234248042106628
1	0.4710257053375244
0	0.596406877040863
1	0.6725960969924927
1	0.7143526673316956
1	0.7084109783172607
1	0.8488849997520447
1	0.7054910063743591
1	0.5612733364105225
1	0.48231834173202515
1	0.4994419515132904
1	0.45461955666542053
1	0.5107152462005615
1	0.5543821454048157
0	0.47564369440078735
1	0.6083180904388428
0	0.46625882387161255
0	0.42627042531967163
0	0.5072009563446045
0	0.4301043748855591
0	0.5111538171768188
0	0.5182048678398132
0	0.5331897139549255
0	0.6910494565963745
0	0.5027822852134705
0	0.6080729961395264
0	0.6843251585960388
0	0.7404147982597351
0	0.4142366945743561
0	0.47554877400398254
0	0.565138041973114
0	0.38307449221611023
0	0.48095905780792236
0	0.394671767950058
0	0.4022184908390045
0	0.3864549696445465
0	0.4188280403614044
0	0.3576597571372986
0	0.5377233028411865
0	0.46509620547294617
0	0.48313114047050476
1	0.5389000177383423
0	0.4751887023448944
0	0.6239893436431885
0	0.46972203254699707
0	0.47660031914711
1	0.43620046973228455
1	0.6274019479751587
1	0.4741058051586151
1	0.7273507714271545
1	0.6983596682548523
0	0.4434077739715576
0	0.4463506042957306
0	0.48803168535232544
0	0.5782570242881775
0	0.736686646938324
1	0.6889706254005432
0	0.43810901045799255
0	0.7234916687011719
0	0.4935789406299591
1	0.7491305470466614
0	0.6613208651542664
1	0.7489699125289917
1	0.7326611876487732
0	0.4072479009628296
0	0.5756603479385376
0	0.4603281617164612
0	0.48134714365005493
0	0.46559539437294006
0	0.6440805196762085
0	0.6174362301826477
0	0.4989037811756134
0	0.4964083433151245
0	0.45926433801651
0	0.41513338685035706
0	0.6341859698295593
0	0.3894060254096985
0	0.46599081158638
0	0.452497273683548
0	0.45403358340263367
0	0.6292181611061096
0	0.41350120306015015
0	0.4820927679538727
0	0.5487111806869507
0	0.4288592040538788
0	0.49330800771713257
0	0.3964640200138092
0	0.4644677937030792
0	0.39104849100112915
0	0.4780314564704895
0	0.3711818754673004
0	0.4383240044116974
0	0.49245572090148926
0	0.47090354561805725
0	0.563768744468689
0	0.47847744822502136
0	0.5090420246124268
0	0.4671093821525574
0	0.4750704765319824
0	0.4447711408138275
0	0.43485116958618164
0	0.4077404737472534
1	0.6062880158424377
1	0.7042540311813354
1	0.6355724334716797
1	0.8492324948310852
1	0.8234933614730835
1	0.6698966026306152
1	0.7249638438224792
0	0.5938699841499329
1	0.5629244446754456
0	0.4405590891838074
0	0.4803813397884369
0	0.3728754222393036
0	0.4834536910057068
0	0.3495539426803589
0	0.530765175819397
0	0.47420185804367065
0	0.6386756300926208
0	0.5060822367668152
0	0.6517842411994934
0	0.4480280876159668
0	0.48818910121917725
0	0.649960458278656
0	0.654546856880188
0	0.6899628043174744
0	0.5526610016822815
1	0.47676241397857666
1	0.4145079553127289
1	0.4651734232902527
1	0.5791197419166565
0	0.4300946891307831
0	0.6368860602378845
0	0.593933641910553
0	0.522191047668457
0	0.7846910357475281
0	0.6947611570358276
0	0.8500994443893433
0	0.8324269652366638
0	0.8083961606025696
0	0.7476580142974854
0	0.6395875811576843
0	0.4239363670349121
0	0.5318726897239685
0	0.4271610677242279
1	0.6002098321914673
1	0.5862368941307068
1	0.4883897602558136
1	0.402773916721344
0	0.4437597990036011
0	0.4740027189254761
0	0.4577963948249817
0	0.4696143865585327
0	0.4734920263290405
0	0.6060808897018433
0	0.47055160999298096
0	0.43987300992012024
1	0.4454682767391205
1	0.47262904047966003
1	0.45469698309898376
1	0.4242593050003052
1	0.4886339604854584
1	0.5135725140571594
0	0.4864080548286438
1	0.4652473032474518
0	0.46297577023506165
1	0.5255885124206543
1	0.5040872097015381
0	0.4629767835140228
0	0.5089876651763916
1	0.5196640491485596
0	0.4759732484817505
0	0.3984050452709198
0	0.45834940671920776
0	0.5026206374168396
0	0.4882219433784485
0	0.374649316072464
0	0.48690423369407654
0	0.46897706389427185
0	0.5164320468902588
0	0.6945083141326904
0	0.7322651147842407
0	0.7987090349197388
0	0.8661382794380188
0	0.7429273128509521
0	0.7131385803222656
0	0.5168216824531555
0	0.6527106761932373
0	0.4825439751148224
0	0.38908860087394714
0	0.5240321159362793
0	0.4253530204296112
0	0.5035332441329956
0	0.7672770619392395
0	0.6815741658210754
0	0.5006741881370544
0	0.7752135992050171
0	0.5851271152496338
0	0.6946167945861816
0	0.7647063732147217
0	0.49649760127067566
0	0.6096019148826599
0	0.4612428843975067
0	0.6324070692062378
0	0.561297595500946
0	0.6294995546340942
0	0.42595601081848145
0	0.4834987223148346
0	0.5033265352249146
0	0.4858331084251404
0	0.524520993232727
0	0.46921294927597046
0	0.49198392033576965
0	0.5084550976753235
0	0.6050739884376526
0	0.4999953508377075
0	0.4878459572792053
0	0.5206058025360107
0	0.6615293025970459
0	0.6808302402496338
0	0.6925874352455139
0	0.6855000257492065
0	0.7033409476280212
0	0.579799473285675
0	0.6626483201980591
0	0.6669394373893738
0	0.6736531853675842
0	0.5426981449127197
0	0.6171556711196899
0	0.54104083776474
0	0.5393815636634827
0	0.6229149103164673
0	0.5367586016654968
0	0.5324103832244873
0	0.4961104094982147
0	0.584336519241333
0	0.5974957942962646
0	0.6140706539154053
0	0.5360194444656372
0	0.46830517053604126
0	0.5066357254981995
0	0.539307177066803
0	0.5982586145401001
0	0.5600589513778687
0	0.4783427119255066
0	0.5031260251998901
0	0.6191768646240234
0	0.4866141378879547
0	0.6407294869422913
0	0.5205637216567993
0	0.5610080361366272
0	0.568903923034668
0	0.5358015894889832
0	0.5375441312789917
0	0.4836800992488861
0	0.4765758514404297
0	0.5705803036689758
0	0.46967196464538574
0	0.5526618957519531
0	0.514818012714386
0	0.7107503414154053
0	0.5581685304641724
0	0.6764761209487915
1	0.7124825716018677
1	0.6722237467765808
1	0.6352020502090454
1	0.4896031618118286
1	0.5098896622657776
1	0.5801373720169067
1	0.5894395112991333
1	0.6652847528457642
1	0.6757065653800964
0	0.6368454098701477
0	0.5903353691101074
0	0.634666383266449
0	0.6521010398864746
0	0.5595661401748657
1	0.5317856073379517
1	0.4648715853691101
1	0.4641159474849701
0	0.4866912364959717
1	0.47160276770591736
0	0.47374218702316284
0	0.556268036365509
0	0.5093510150909424
0	0.5008390545845032
0	0.5454060435295105
0	0.6276211738586426
0	0.5998906493186951
0	0.6296420693397522
0	0.49903199076652527
0	0.500618577003479
0	0.5904576778411865
0	0.5055230259895325
0	0.6146261096000671
0	0.6322570443153381
0	0.584356427192688
0	0.5892111659049988
0	0.6488040089607239
0	0.5618460774421692
0	0.46619150042533875
0	0.4702032208442688
0	0.4544382691383362
1	0.4879419505596161
1	0.4520086944103241
1	0.46778297424316406
1	0.5170724987983704
0	0.6469860076904297
0	0.5532675981521606
0	0.47573718428611755
0	0.46380341053009033
0	0.5074467658996582
0	0.4530077874660492
0	0.5700171589851379
0	0.5471217036247253
0	0.6689862608909607
0	0.5452924370765686
0	0.5717582702636719
0	0.6546652317047119
0	0.659852147102356
0	0.5672274231910706
0	0.6951936483383179
0	0.7281304001808167
0	0.6634936332702637
0	0.6714959740638733
0	0.6324353218078613
0	0.5118452310562134
0	0.5588290691375732
0	0.5430269837379456
0	0.48809775710105896
0	0.4949324429035187
0	0.4315858483314514
1	0.5084705352783203
1	0.578792154788971
1	0.5488618612289429
1	0.5347114205360413
1	0.5261852741241455
1	0.6182004809379578
1	0.49928173422813416
1	0.6223142147064209
0	0.5056922435760498
0	0.5311128497123718
0	0.5358110666275024
0	0.5986906290054321
0	0.5752748847007751
1	0.5577744245529175
1	0.5983332991600037
1	0.4844730794429779
1	0.5124327540397644
1	0.48420602083206177
0	0.4392439126968384
0	0.505561888217926
0	0.5461215376853943
0	0.5430006980895996
0	0.5667470693588257
0	0.633872926235199
0	0.604127049446106
0	0.5159721970558167
1	0.5776286125183105
1	0.5125297904014587
1	0.50135338306427
1	0.6099664568901062
0	0.4947868287563324
0	0.5103176236152649
0	0.5358744263648987
0	0.45593976974487305
0	0.462947815656662
0	0.4621438682079315
0	0.4953732490539551
0	0.4969693422317505
0	0.5005593299865723
0	0.5742085576057434
0	0.48976826667785645
0	0.49346494674682617
0	0.4936983287334442
0	0.45177000761032104
0	0.4867279827594757
0	0.4610448479652405
0	0.4738846719264984
0	0.5371357798576355
0	0.5207435488700867
0	0.5625900626182556
0	0.5553928017616272
0	0.4919232130050659
0	0.5781036615371704
0	0.47212842106819153
0	0.6044530868530273
0	0.617614209651947
0	0.6143302917480469
0	0.5922571420669556
0	0.5130459070205688
0	0.4918770492076874
0	0.53058922290802
0	0.6239042282104492
0	0.5058194398880005
0	0.6159195899963379
0	0.6550227403640747
0	0.4830491840839386
0	0.4647330045700073
0	0.5449705719947815
0	0.5320156216621399
0	0.6909658908843994
0	0.6506786942481995
0	0.5850520133972168
0	0.6407430768013
0	0.7042953372001648
0	0.6195962429046631
0	0.7552434802055359
0	0.5587917566299438
0	0.681800127029419
0	0.6413931846618652
0	0.7450331449508667
0	0.7009772062301636
0	0.7674553990364075
0	0.7140104174613953
0	0.6609407067298889
0	0.6806570291519165
0	0.6577687859535217
0	0.6107627749443054
0	0.52467280626297
0	0.5358242988586426
0	0.5061497092247009
0	0.5209347009658813
0	0.6259070634841919
0	0.5800945162773132
0	0.6283866763114929
0	0.6652497053146362
0	0.6128314137458801
0	0.5092722773551941
0	0.5966001749038696
0	0.6123096346855164
0	0.5080388188362122
0	0.49295422434806824
0	0.6255412101745605
0	0.5545157194137573
0	0.48375439643859863
0	0.5138352513313293
0	0.5356911420822144
0	0.49553799629211426
0	0.4917231500148773
0	0.5605091452598572
0	0.5834149718284607
0	0.5220094919204712
0	0.6074175834655762
0	0.6389133930206299
0	0.6195375323295593
0	0.623670220375061
0	0.4646798074245453
0	0.5103510022163391
0	0.5423579216003418
0	0.5042694807052612
0	0.5373589396476746
0	0.5605025887489319
0	0.4650186002254486
0	0.4769209921360016
0	0.5214046239852905
0	0.4666939377784729
0	0.5074037313461304
0	0.4962671995162964
0	0.44605156779289246
0	0.5167491436004639
0	0.48289886116981506
0	0.49656277894973755
0	0.5545272827148438
0	0.4728691577911377
0	0.47814738750457764
0	0.6360784769058228
0	0.4620840847492218
0	0.6602864861488342
0	0.6937975287437439
0	0.4714340567588806
0	0.725153386592865
0	0.6374109983444214
0	0.5479487776756287
0	0.6613515019416809
0	0.5981616973876953
0	0.6657075881958008
0	0.4963725507259369
0	0.4741702079772949
0	0.5470755696296692
0	0.508037269115448
0	0.6222947835922241
0	0.5026640295982361
0	0.5368409752845764
0	0.5875913500785828
0	0.6863776445388794
0	0.5358836650848389
1	0.47844570875167847
0	0.5251622200012207
1	0.4642684757709503
0	0.39907318353652954
0	0.4638197720050812
1	0.40860801935195923
0	0.40076014399528503
1	0.4274120330810547
0	0.4722317159175873
1	0.46517083048820496
1	0.3977831304073334
1	0.461341917514801
0	0.4651743471622467
0	0.6462289690971375
1	0.658978283405304
0	0.5768861770629883
0	0.5119642019271851
0	0.501825749874115
1	0.5635702610015869
1	0.49968400597572327
1	0.44847792387008667
1	0.48464488983154297
1	0.5542075634002686
1	0.7181267738342285
1	0.6340328454971313
1	0.5733969807624817
1	0.6330956816673279
1	0.41911396384239197
0	0.37337663769721985
0	0.4143534004688263
0	0.4079098105430603
0	0.4944748878479004
0	0.545347273349762
0	0.5345538258552551
0	0.5974971055984497
0	0.5892221331596375
0	0.48239433765411377
0	0.4975506365299225
0	0.5452305674552917
0	0.4743659496307373
0	0.6661588549613953
0	0.5766551494598389
0	0.4959285259246826
0	0.6514780521392822
0	0.6077949404716492
0	0.5955661535263062
0	0.5371440052986145
0	0.6559368371963501
0	0.6847027540206909
0	0.7636048197746277
0	0.7520933151245117
0	0.6929355263710022
0	0.5965850353240967
0	0.6359161734580994
0	0.5956708788871765
0	0.6105891466140747
0	0.7243009805679321
0	0.747318685054779
0	0.7143534421920776
0	0.7379252910614014
0	0.720835268497467
0	0.6761885285377502
0	0.6209178566932678
0	0.7304539680480957
0	0.5055891275405884
0	0.4805872440338135
0	0.4660177230834961
0	0.4929105341434479
0	0.45794883370399475
0	0.4939393699169159
0	0.48593881726264954
0	0.48626622557640076
0	0.6179755926132202
0	0.479658305644989
0	0.4238048195838928
0	0.50752854347229
0	0.5155141353607178
0	0.43920719623565674
0	0.43947452306747437
0	0.4322855472564697
0	0.452602744102478
0	0.4758254289627075
1	0.4663024842739105
0	0.44790878891944885
1	0.4321668744087219
0	0.41599932312965393
0	0.45185166597366333
0	0.46636801958084106
0	0.4403589069843292
0	0.4469684958457947
0	0.4339871406555176
0	0.4210464656352997
0	0.45627525448799133
0	0.5854266881942749
0	0.5961806774139404
0	0.7500287294387817
0	0.7300217747688293
0	0.5448350310325623
0	0.5952885746955872
0	0.493393212556839
0	0.45996904373168945
0	0.49767154455184937
0	0.5785644054412842
1	0.6305114030838013
0	0.5523926615715027
1	0.5516270399093628
0	0.40308451652526855
0	0.49552664160728455
0	0.4420054852962494
0	0.47183477878570557
0	0.44117090106010437
0	0.4460386633872986
0	0.4519042372703552
0	0.3924843966960907
0	0.46401357650756836
0	0.43042173981666565
0	0.5636720657348633
0	0.5663972496986389
0	0.595363438129425
0	0.6790534257888794
0	0.6241908073425293
0	0.5886101126670837
0	0.520758867263794
0	0.4295027554035187
0	0.4088188409805298
0	0.36476752161979675
0	0.4166661500930786
0	0.4342235326766968
0	0.4435143768787384
0	0.4663747549057007
0	0.4583617150783539
0	0.473023384809494
0	0.4795379340648651
0	0.46959108114242554
0	0.5565725564956665
0	0.5809392929077148
0	0.4638387858867645
0	0.5935187935829163
0	0.5423693656921387
0	0.7006219029426575
0	0.7121461033821106
0	0.7594233751296997
0	0.7720643281936646
0	0.5890218019485474
0	0.5303740501403809
0	0.42997071146965027
0	0.4222419857978821
0	0.4547949731349945
0	0.44188904762268066
0	0.47318869829177856
0	0.4359808564186096
0	0.5132911205291748
0	0.5889906287193298
0	0.5007153749465942
0	0.45517808198928833
0	0.47563856840133667
0	0.5170534253120422
0	0.42887964844703674
0	0.4441482722759247
0	0.46038055419921875
0	0.48462074995040894
0	0.5283470749855042
0	0.4935597777366638
0	0.5732793807983398
0	0.5272307991981506
0	0.5386930108070374
0	0.47618865966796875
0	0.5092429518699646
0	0.4734188914299011
0	0.5772126317024231
0	0.4521605968475342
0	0.5263537168502808
0	0.5096904039382935
1	0.5316600799560547
1	0.47773364186286926
0	0.559418797492981
0	0.4779588580131531
0	0.5033172965049744
0	0.4568440616130829
0	0.4581950902938843
0	0.43832048773765564
0	0.4312220513820648
1	0.42435547709465027
0	0.388503760099411
0	0.4154776632785797
0	0.44548043608665466
0	0.46463945508003235
0	0.5343934297561646
0	0.6819520592689514
0	0.4609043598175049
0	0.7563585638999939
0	0.4763333201408386
0	0.7405816912651062
0	0.537510335445404
0	0.7406794428825378
0	0.7175455093383789
0	0.6971343755722046
0	0.7208813428878784
0	0.45541995763778687
0	0.7691368460655212
0	0.4985213577747345
0	0.6092110276222229
0	0.47630569338798523
0	0.48328354954719543
0	0.4937862157821655
0	0.5277397036552429
0	0.5185971856117249
0	0.6147322654724121
0	0.4690626859664917
0	0.6133005023002625
0	0.38161006569862366
0	0.47141382098197937
0	0.5667632818222046
1	0.4562370479106903
1	0.4834677278995514
1	0.4430971145629883
1	0.46595999598503113
1	0.5096613168716431
0	0.5220523476600647
0	0.42101648449897766
0	0.4146242141723633
0	0.4155697524547577
0	0.4515584111213684
0	0.43420347571372986
1	0.48803550004959106
1	0.45459815859794617
1	0.6827703714370728
1	0.7045743465423584
1	0.7997955083847046
1	0.7577061057090759
0	0.6886367201805115
1	0.7576361298561096
0	0.6591261029243469
0	0.6524246335029602
0	0.5613881945610046
0	0.5522454380989075
0	0.4579513370990753
0	0.47400641441345215
1	0.48715442419052124
0	0.5026977062225342
0	0.4545193016529083
1	0.40410393476486206
0	0.44867879152297974
0	0.4429180920124054
0	0.4001232385635376
0	0.4351515471935272
0	0.42892736196517944
0	0.477091908454895
0	0.48520559072494507
0	0.4287306070327759
0	0.5309638977050781
0	0.6125355362892151
0	0.49640047550201416
0	0.3859049081802368
0	0.5617846846580505
0	0.4612554907798767
0	0.510237455368042
1	0.6159254908561707
1	0.49563321471214294
0	0.49601513147354126
0	0.6771929860115051
0	0.5594310760498047
0	0.5741978883743286
0	0.6247408390045166
0	0.4993481934070587
0	0.6997013688087463
0	0.5296969413757324
0	0.35944369435310364
0	0.47784557938575745
0	0.4687170386314392
0	0.5245798826217651
0	0.6181617975234985
0	0.49531105160713196
0	0.6543806791305542
0	0.7267977595329285
0	0.7642486691474915
0	0.7198873162269592
0	0.7370092272758484
0	0.7068103551864624
0	0.6525170207023621
0	0.5146640539169312
0	0.8326030969619751
0	0.6373852491378784
0	0.7559099197387695
0	0.6620126366615295
0	0.752814531326294
0	0.6801666617393494
0	0.5038433074951172
0	0.5595758557319641
0	0.5973922610282898
0	0.7710249423980713
1	0.649239182472229
1	0.6385883092880249
0	0.6101320385932922
1	0.7829785346984863
0	0.5459250211715698
0	0.7221187353134155
0	0.6022199988365173
0	0.7081965804100037
0	0.4732149839401245
0	0.8057615756988525
0	0.6294260621070862
0	0.7563220262527466
0	0.4906344711780548
0	0.49250656366348267
0	0.3551352918148041
0	0.48574188351631165
0	0.45112013816833496
0	0.4333382248878479
0	0.43539607524871826
0	0.3976849913597107
0	0.43715396523475647
0	0.4729265868663788
0	0.38554444909095764
0	0.4079330563545227
0	0.44483062624931335
0	0.49570074677467346
0	0.4571062922477722
1	0.46733784675598145
1	0.5049200654029846
1	0.39011335372924805
1	0.4964762032032013
1	0.5148849487304688
1	0.5954387784004211
1	0.7978346943855286
0	0.7047551870346069
1	0.7553773522377014
0	0.4748297333717346
0	0.6178948283195496
0	0.37275657057762146
0	0.7146489024162292
0	0.37889155745506287
0	0.40260156989097595
0	0.4359056353569031
0	0.5081228613853455
0	0.44993895292282104
0	0.44743767380714417
0	0.41098320484161377
0	0.42495691776275635
0	0.44026821851730347
0	0.40694618225097656
0	0.4213518798351288
0	0.4686860144138336
0	0.3910285532474518
0	0.4284048080444336
0	0.46067389845848083
0	0.6152051687240601
0	0.6919993758201599
0	0.6073391437530518
0	0.5352399945259094
0	0.4569034278392792
0	0.44249996542930603
0	0.41872379183769226
0	0.4694294333457947
0	0.41018733382225037
0	0.40480512380599976
0	0.4680216610431671
0	0.3998284935951233
0	0.43928253650665283
1	0.4252990186214447
0	0.3874432444572449
1	0.44480398297309875
0	0.4555842876434326
1	0.5391971468925476
1	0.6285054683685303
1	0.44361186027526855
0	0.4023897647857666
0	0.4463184177875519
0	0.4479933977127075
0	0.473663330078125
0	0.446841835975647
0	0.4886587858200073
0	0.4974599778652191
0	0.413786917924881
0	0.5523035526275635
0	0.5519645810127258
0	0.4188435673713684
0	0.3865879476070404
0	0.4656006097793579
0	0.511053204536438
0	0.46617045998573303
0	0.48792514204978943
0	0.47987836599349976
0	0.6038593649864197
0	0.4598318636417389
0	0.4439988136291504
0	0.5397911667823792
0	0.4369775056838989
0	0.43927499651908875
0	0.5982929468154907
0	0.4556567668914795
0	0.5310565233230591
0	0.487175852060318
0	0.6466479301452637
0	0.6434807181358337
0	0.5143051147460938
0	0.4362417757511139
0	0.4322693645954132
0	0.4455637037754059
0	0.41937586665153503
1	0.5080451965332031
0	0.45275625586509705
0	0.45933568477630615
0	0.4731174111366272
1	0.6357898712158203
1	0.7022177577018738
1	0.536207377910614
0	0.5362592339515686
0	0.484678715467453
0	0.5672425627708435
0	0.44168728590011597
0	0.4753835201263428
0	0.44836729764938354
0	0.4533788561820984
0	0.4088144600391388
0	0.4318576157093048
0	0.5826627016067505
0	0.48384207487106323
0	0.6981964111328125
0	0.607386589050293
0	0.48051881790161133
0	0.731096088886261
0	0.5612635612487793
0	0.48113539814949036
0	0.6649869084358215
0	0.6128549575805664
0	0.6740621328353882
0	0.664607584476471
0	0.5507771968841553
0	0.47916096448898315
0	0.7227442860603333
0	0.6737110614776611
0	0.5119470953941345
0	0.5192714929580688
0	0.8197566866874695
0	0.6384560465812683
0	0.460411936044693
0	0.5826123952865601
0	0.5064725875854492
0	0.45294204354286194
0	0.44296178221702576
0	0.48791491985321045
0	0.4898853003978729
0	0.5238052606582642
0	0.6132844090461731
0	0.44862455129623413
0	0.4369856119155884
0	0.4371035099029541
0	0.42710328102111816
0	0.4755893647670746
0	0.4557579457759857
0	0.5026436448097229
0	0.4683834910392761
0	0.46272385120391846
0	0.5172656178474426
0	0.5157021284103394
1	0.4596773684024811
1	0.449821412563324
0	0.4417968988418579
1	0.4898850917816162
0	0.5392670035362244
0	0.4711730182170868
0	0.47918856143951416
0	0.5958306789398193
0	0.7085177302360535
0	0.6599118709564209
0	0.4955005347728729
0	0.4715001881122589
0	0.5756171941757202
0	0.6521514058113098
0	0.47621309757232666
0	0.5624094009399414
0	0.575890064239502
0	0.5963349342346191
0	0.47238343954086304
0	0.491252601146698
0	0.4277777671813965
0	0.47308942675590515
0	0.4606033265590668
0	0.44666165113449097
0	0.4698899984359741
0	0.5985648036003113
0	0.4094843566417694
0	0.46447649598121643
0	0.47435835003852844
0	0.5615128874778748
0	0.4952351450920105
0	0.6287447810173035
0	0.5708422660827637
0	0.6968957781791687
0	0.7433291673660278
0	0.5530843138694763
0	0.5684115290641785
0	0.5018298625946045
0	0.514406681060791
0	0.4357505738735199
1	0.46353694796562195
0	0.44263818860054016
1	0.4731473922729492
1	0.5578885078430176
1	0.4676608145236969
1	0.44383201003074646
1	0.44797444343566895
0	0.41401639580726624
1	0.4440607726573944
0	0.4763434827327728
1	0.6411846876144409
1	0.7241643667221069
1	0.4890885353088379
0	0.4680096209049225
0	0.4761817455291748
0	0.501185953617096
0	0.5318349599838257
0	0.6051483154296875
0	0.5075327157974243
0	0.5306157469749451
0	0.49268195033073425
0	0.511850893497467
0	0.5739925503730774
0	0.5191408395767212
0	0.5540245771408081
1	0.7310155630111694
0	0.641419529914856
0	0.6952329874038696
0	0.6662383079528809
0	0.5554358959197998
0	0.5914332866668701
0	0.5037292838096619
0	0.4392581582069397
0	0.46443262696266174
0	0.49221399426460266
0	0.45783495903015137
0	0.41220080852508545
0	0.508211076259613
0	0.45243996381759644
0	0.44312992691993713
0	0.5164675712585449
0	0.4765899181365967
0	0.5158795714378357
0	0.49649307131767273
0	0.5772768259048462
0	0.647041916847229
0	0.5792365670204163
0	0.4689241647720337
0	0.47771093249320984
0	0.4498402178287506
0	0.4450704753398895
1	0.5661129951477051
0	0.494488388299942
0	0.6311220526695251
1	0.6013063788414001
1	0.6682270169258118
1	0.6957699656486511
1	0.573479175567627
0	0.5487377047538757
0	0.49723753333091736
1	0.4743345379829407
0	0.4754202663898468
0	0.5286730527877808
0	0.5034520626068115
0	0.4924723207950592
0	0.5165746808052063
0	0.47312289476394653
0	0.623505711555481
0	0.6572524309158325
0	0.7072887420654297
0	0.7053884863853455
0	0.6288805603981018
0	0.6648993492126465
0	0.6574203968048096
0	0.5220348834991455
0	0.4658598005771637
0	0.6244292855262756
0	0.590108335018158
0	0.45936119556427
0	0.5675972700119019
0	0.6389800310134888
0	0.6124612092971802
0	0.5624138712882996
0	0.6367882490158081
0	0.5411298274993896
0	0.5103604793548584
0	0.7286752462387085
0	0.5957053899765015
0	0.48771145939826965
0	0.45491454005241394
0	0.5022578835487366
0	0.4768016040325165
0	0.47945308685302734
0	0.504298210144043
0	0.5895923376083374
0	0.6110837459564209
0	0.6798356771469116
0	0.5019165873527527
0	0.4607778787612915
0	0.432932585477829
1	0.5038782954216003
0	0.44705232977867126
1	0.4809630811214447
1	0.44832292199134827
0	0.49293071031570435
0	0.4744495749473572
0	0.5406294465065002
0	0.47155559062957764
0	0.6886902451515198
0	0.6274610161781311
0	0.5087907910346985
0	0.4824458360671997
0	0.6424704790115356
0	0.9271636605262756
0	0.8934229612350464
0	0.8661661744117737
0	0.8116152286529541
0	0.6347637176513672
0	0.5528666973114014
0	0.5206578373908997
0	0.4723687767982483
0	0.48796939849853516
0	0.45052170753479004
0	0.4545946717262268
0	0.48603132367134094
0	0.44000622630119324
0	0.5043704509735107
0	0.5074077248573303
0	0.4913110136985779
0	0.5674415230751038
0	0.4707854688167572
0	0.5230626463890076
1	0.4780098497867584
1	0.5558035373687744
0	0.47619402408599854
0	0.41594991087913513
1	0.5375666618347168
1	0.5146702527999878
0	0.4159032106399536
1	0.6792169809341431
0	0.48607608675956726
1	0.5723462104797363
0	0.536495566368103
0	0.50228351354599
0	0.4374605119228363
0	0.5483200550079346
0	0.569435715675354
0	0.6068176031112671
0	0.5273206233978271
0	0.6140262484550476
0	0.45874717831611633
0	0.5893329977989197
0	0.4825969338417053
1	0.4965135157108307
0	0.4450725018978119
0	0.49579766392707825
0	0.4697621166706085
0	0.4756805896759033
0	0.5063475966453552
0	0.5870329141616821
0	0.6287485957145691
0	0.6546843647956848
0	0.646857738494873
0	0.5565471649169922
0	0.5729881525039673
0	0.4802878201007843
0	0.5097421407699585
0	0.4808705449104309
0	0.507958710193634
0	0.46747681498527527
0	0.447951078414917
0	0.4635508358478546
0	0.4600732624530792
0	0.4557485580444336
0	0.49422964453697205
0	0.4638482928276062
0	0.4831242561340332
0	0.5062876343727112
0	0.45807433128356934
0	0.45282408595085144
0	0.47792327404022217
0	0.466482013463974
0	0.4300544559955597
0	0.46115872263908386
0	0.47618022561073303
0	0.45052370429039
0	0.4368305802345276
0	0.4445910155773163
0	0.565733015537262
0	0.4782659113407135
0	0.48125922679901123
0	0.5955713391304016
0	0.5234264135360718
0	0.4365691840648651
0	0.43765148520469666
0	0.4263380169868469
0	0.45300692319869995
0	0.43685707449913025
0	0.4875841438770294
0	0.5386483669281006
0	0.6389463543891907
0	0.636482834815979
0	0.5404672026634216
0	0.4641593396663666
0	0.5214816331863403
0	0.4534861147403717
0	0.4033074676990509
0	0.5049436092376709
0	0.4518492817878723
0	0.42845508456230164
0	0.5706474184989929
0	0.5232782959938049
0	0.42856264114379883
0	0.6295738220214844
0	0.5464546084403992
0	0.4946436285972595
0	0.4421344995498657
0	0.5191262364387512
0	0.5168801546096802
0	0.485892653465271
0	0.5833699703216553
0	0.5673249959945679
0	0.5331029295921326
0	0.5607074499130249
0	0.49219757318496704
0	0.5677711963653564
0	0.6259154677391052
0	0.5116812586784363
0	0.5644495487213135
0	0.4966346323490143
0	0.44051632285118103
0	0.6303013563156128
0	0.575669527053833
0	0.4533615708351135
0	0.5044600963592529
0	0.518808126449585
0	0.5535387992858887
0	0.5009041428565979
0	0.5953871011734009
0	0.6144353151321411
0	0.5047707557678223
0	0.44061586260795593
0	0.47890493273735046
0	0.4915320575237274
0	0.4066067934036255
0	0.4765770435333252
0	0.4354659914970398
0	0.4950769245624542
0	0.49853184819221497
0	0.43894723057746887
0	0.45748141407966614
0	0.6319246888160706
0	0.6212531924247742
0	0.625723659992218
0	0.5780937671661377
0	0.5484309792518616
0	0.45786720514297485
0	0.503395140171051
0	0.529170036315918
0	0.43181243538856506
0	0.510308027267456
0	0.44932132959365845
0	0.4774710237979889
0	0.5075213313102722
1	0.4635130763053894
1	0.48337557911872864
1	0.47016727924346924
1	0.4925810992717743
1	0.4903431236743927
1	0.5457956790924072
1	0.5482131838798523
0	0.5340015292167664
0	0.46100088953971863
1	0.6856025457382202
1	0.6629341244697571
0	0.5322234630584717
0	0.630573034286499
0	0.6413412094116211
0	0.5221409797668457
0	0.5113752484321594
0	0.49384087324142456
0	0.5482783317565918
0	0.48690760135650635
1	0.47280454635620117
0	0.47540581226348877
0	0.5380378365516663
1	0.4425971806049347
0	0.504510223865509
0	0.5831727981567383
0	0.4774775207042694
0	0.5129542350769043
0	0.5609148740768433
0	0.6114811897277832
0	0.5903493165969849
0	0.4473140835762024
0	0.5427958369255066
0	0.5359496474266052
0	0.478583961725235
0	0.6808935403823853
0	0.6841343641281128
0	0.6143212914466858
0	0.5367730855941772
0	0.5279400944709778
0	0.5108945965766907
0	0.5143349170684814
0	0.5865615010261536
0	0.45844417810440063
0	0.5535802245140076
1	0.48583781719207764
0	0.5426585078239441
1	0.7326422333717346
1	0.7102398872375488
0	0.6674484610557556
0	0.5805034637451172
0	0.6765238046646118
0	0.6589231491088867
1	0.48057666420936584
0	0.48354995250701904
0	0.5465902090072632
0	0.4840165078639984
0	0.42250028252601624
1	0.4515974521636963
1	0.43518325686454773
1	0.44639164209365845
1	0.466937392950058
1	0.44450926780700684
0	0.42909058928489685
1	0.4441399574279785
0	0.4475216865539551
0	0.4876362681388855
0	0.5337668657302856
