0	0.6207848191261292
0	0.5958777070045471
0	0.3814285695552826
0	0.5794021487236023
0	0.34218093752861023
0	0.652247428894043
0	0.3013993501663208
0	0.3095073699951172
0	0.41481760144233704
0	0.3805176615715027
0	0.4319034218788147
0	0.4747523367404938
0	0.5762054920196533
0	0.4093687832355499
0	0.4942540228366852
0	0.6070384383201599
0	0.720262885093689
0	0.4823938012123108
0	0.5355982184410095
0	0.7881905436515808
0	0.2263898104429245
0	0.30977892875671387
0	0.1883409321308136
0	0.18618564307689667
0	0.10649875551462173
0	0.05293770134449005
0	0.1807096004486084
0	0.2263226956129074
0	0.29276373982429504
0	0.1965193748474121
0	0.19251187145709991
0	0.715998113155365
0	0.4923282563686371
0	0.5816524028778076
0	0.6007919907569885
1	0.7957145571708679
0	0.780306875705719
1	0.8848504424095154
1	0.8095529079437256
0	0.650989830493927
0	0.5623372197151184
1	0.3254145681858063
0	0.5534275770187378
0	0.402346134185791
0	0.09990249574184418
0	0.0904078409075737
0	0.06568823754787445
0	0.26385676860809326
0	0.14211858808994293
0	0.31275489926338196
0	0.3064627945423126
0	0.22362971305847168
0	0.4495598077774048
0	0.22447575628757477
0	0.3804309368133545
0	0.26001647114753723
0	0.23145978152751923
1	0.39269235730171204
1	0.48731696605682373
1	0.4824222922325134
1	0.32535451650619507
1	0.57822185754776
1	0.5219979882240295
1	0.5830962657928467
1	0.5625391602516174
0	0.7780593037605286
0	0.43246787786483765
0	0.44243380427360535
0	0.3391110599040985
0	0.4619765877723694
0	0.22604402899742126
0	0.14761470258235931
0	0.38318395614624023
0	0.4340072572231293
0	0.3306604325771332
0	0.39707598090171814
0	0.2141374796628952
1	0.7678370475769043
1	0.41255679726600647
1	0.4503481388092041
1	0.5092708468437195
0	0.5078743100166321
0	0.674304723739624
1	0.7449206709861755
0	0.6594281196594238
1	0.7641416788101196
0	0.739544689655304
1	0.5360574126243591
0	0.18642333149909973
1	0.3327665328979492
0	0.20750348269939423
1	0.2507714629173279
0	0.26159408688545227
0	0.2905237674713135
0	0.3830135464668274
0	0.3222563862800598
0	0.44839760661125183
0	0.4539346992969513
0	0.10638593882322311
0	0.420134037733078
0	0.5171328186988831
0	0.18904350697994232
0	0.506028950214386
0	0.4837550222873688
0	0.32497459650039673
1	0.365650475025177
0	0.3391891121864319
1	0.36331599950790405
0	0.3258505165576935
0	0.42330867052078247
0	0.5058966279029846
0	0.23302708566188812
0	0.30420249700546265
0	0.44861170649528503
0	0.3867538869380951
0	0.3405393958091736
0	0.5615432858467102
0	0.3864874541759491
0	0.48114338517189026
0	0.3345109224319458
0	0.33133116364479065
0	0.30468079447746277
0	0.15995186567306519
0	0.3820659816265106
0	0.29057493805885315
0	0.12140248715877533
0	0.27748483419418335
0	0.1226532906293869
0	0.37099897861480713
0	0.5068408846855164
0	0.34566837549209595
0	0.3210894465446472
0	0.2147570550441742
0	0.27780258655548096
0	0.2683567702770233
0	0.5787049531936646
0	0.43149837851524353
0	0.49350106716156006
0	0.5335263609886169
0	0.7574068307876587
0	0.6106829047203064
0	0.4799065887928009
0	0.2786312699317932
0	0.15976682305335999
0	0.36023518443107605
0	0.08399749547243118
0	0.3762851059436798
0	0.2701405882835388
0	0.15717950463294983
0	0.2780334949493408
0	0.37534210085868835
0	0.09116637706756592
0	0.2367476373910904
0	0.22257864475250244
0	0.38445499539375305
0	0.3983934223651886
0	0.3567628562450409
0	0.5192381143569946
0	0.3418574035167694
0	0.5159209370613098
0	0.4723990857601166
0	0.5880945920944214
0	0.7128499150276184
0	0.7166558504104614
0	0.6545493006706238
0	0.7731179594993591
0	0.7282549738883972
0	0.7788906097412109
0	0.8265302777290344
0	0.741456151008606
0	0.28544676303863525
0	0.5885266661643982
0	0.2474716603755951
0	0.2692588269710541
0	0.21287801861763
0	0.06013952195644379
0	0.33682921528816223
0	0.2805120348930359
0	0.37991994619369507
0	0.20932559669017792
0	0.21735879778862
0	0.27427437901496887
0	0.7965761423110962
0	0.6446447968482971
0	0.6747044324874878
0	0.6692734360694885
0	0.7038124203681946
0	0.5053582787513733
0	0.4636654853820801
0	0.38278108835220337
0	0.3866617679595947
0	0.30947592854499817
0	0.25716379284858704
0	0.22756327688694
0	0.11022403091192245
0	0.29344990849494934
0	0.4836314022541046
0	0.369290828704834
0	0.27340900897979736
0	0.47619038820266724
0	0.29799991846084595
0	0.19791680574417114
0	0.24469390511512756
0	0.20700857043266296
0	0.3375660479068756
0	0.34299179911613464
0	0.3645245134830475
0	0.3698280155658722
0	0.49579936265945435
0	0.5185085535049438
0	0.6716477274894714
0	0.7286245822906494
0	0.7505853772163391
0	0.8444072604179382
0	0.6472926139831543
0	0.510414719581604
0	0.3765985071659088
0	0.14429640769958496
0	0.09104695171117783
0	0.047309841960668564
0	0.08903994411230087
0	0.3339085280895233
0	0.3019654154777527
0	0.2567114531993866
0	0.28716254234313965
0	0.24763740599155426
0	0.4322955906391144
0	0.6747040152549744
0	0.6545204520225525
0	0.5097491145133972
0	0.7280388474464417
0	0.6863533854484558
0	0.536892294883728
0	0.5686652064323425
0	0.2990438938140869
0	0.2876163423061371
0	0.20266278088092804
0	0.39998534321784973
0	0.142846018075943
0	0.31623339653015137
0	0.46910569071769714
0	0.33929911255836487
0	0.3961246907711029
0	0.39830759167671204
0	0.4796949625015259
0	0.5180201530456543
0	0.4815690219402313
0	0.6382289528846741
0	0.5658721327781677
0	0.6181071996688843
0	0.6162328720092773
0	0.5632091164588928
0	0.787670910358429
0	0.3698034882545471
0	0.07865004986524582
0	0.5728031992912292
0	0.31913337111473083
0	0.3032580018043518
0	0.12075892835855484
0	0.29252713918685913
0	0.29348403215408325
0	0.15334652364253998
0	0.2701667845249176
0	0.4105210602283478
0	0.039208684116601944
0	0.16794876754283905
0	0.2763063907623291
0	0.3291357755661011
0	0.4035879671573639
0	0.3314068615436554
0	0.649529755115509
0	0.4289548695087433
0	0.4515407681465149
0	0.5410251021385193
0	0.5476641058921814
0	0.5100575685501099
0	0.4494173228740692
0	0.2025122493505478
0	0.3467654883861542
0	0.3584633767604828
0	0.45139503479003906
0	0.26291418075561523
0	0.3847441077232361
0	0.39675676822662354
0	0.4297153055667877
0	0.6243576407432556
0	0.6230195164680481
0	0.4807717204093933
0	0.6749889850616455
0	0.26657989621162415
0	0.509415864944458
0	0.5696797966957092
0	0.46423059701919556
0	0.17526955902576447
0	0.6042692065238953
0	0.5193653106689453
0	0.2713462710380554
0	0.6692940592765808
0	0.573140561580658
0	0.5462366938591003
0	0.1985524445772171
0	0.8179972767829895
0	0.5282928347587585
0	0.4642350673675537
0	0.571614146232605
0	0.4449699819087982
0	0.522709846496582
0	0.26145732402801514
0	0.5435346364974976
0	0.43493324518203735
1	0.5813994407653809
1	0.471893846988678
1	0.3966142237186432
1	0.588875412940979
0	0.1679929792881012
0	0.21715997159481049
0	0.3243565857410431
0	0.38275954127311707
0	0.28266456723213196
0	0.21213823556900024
0	0.44774186611175537
0	0.6740410923957825
0	0.35792702436447144
0	0.048291631042957306
0	0.24509695172309875
0	0.3843492269515991
0	0.2422897219657898
0	0.030969159677624702
0	0.26541727781295776
0	0.14757554233074188
0	0.17538395524024963
0	0.42968156933784485
0	0.23590801656246185
1	0.49604281783103943
1	0.13141417503356934
1	0.4223630428314209
1	0.3720209300518036
1	0.4472360908985138
1	0.4513532221317291
0	0.13696369528770447
0	0.7592254281044006
0	0.8010737299919128
0	0.37885525822639465
0	0.16740156710147858
0	0.43497779965400696
0	0.21703766286373138
0	0.4483947157859802
0	0.3033529818058014
0	0.4499955475330353
0	0.3415882885456085
0	0.48102718591690063
0	0.4063512086868286
0	0.6739639043807983
0	0.5678656697273254
0	0.146589994430542
0	0.3463631272315979
0	0.2973439395427704
0	0.37204793095588684
0	0.3469844162464142
0	0.6789509057998657
0	0.7141649127006531
0	0.5517653822898865
0	0.7492017149925232
0	0.5492996573448181
0	0.473258912563324
0	0.7867438793182373
0	0.73259437084198
0	0.5898557901382446
0	0.5903132557868958
0	0.4099116027355194
0	0.4650794267654419
0	0.16336199641227722
0	0.3992544412612915
0	0.03397533670067787
0	0.3487399220466614
0	0.413780152797699
0	0.3805294930934906
0	0.5213975310325623
0	0.6079909205436707
0	0.34100693464279175
0	0.2131984978914261
1	0.5161803364753723
1	0.3334904611110687
1	0.3609012961387634
1	0.49462953209877014
0	0.3847171366214752
0	0.3616902232170105
0	0.47319501638412476
1	0.16067954897880554
0	0.4590412676334381
0	0.4083992838859558
0	0.1996976137161255
0	0.04085871949791908
1	0.2780214846134186
1	0.3621171712875366
0	0.5274177193641663
1	0.6466148495674133
0	0.6646549701690674
0	0.7514095306396484
1	0.7276870608329773
1	0.6020898818969727
0	0.5687294602394104
1	0.5727360844612122
1	0.6371672749519348
0	0.3896130919456482
0	0.5631879568099976
0	0.21160918474197388
0	0.6258090734481812
0	0.34320566058158875
0	0.3004971444606781
0	0.44344037771224976
0	0.4391978085041046
0	0.5361931324005127
0	0.46934884786605835
0	0.33842575550079346
0	0.5787590146064758
0	0.38327330350875854
0	0.5298649072647095
0	0.3319137990474701
0	0.3000617027282715
0	0.353301465511322
0	0.4608366787433624
0	0.4736813008785248
0	0.2805933654308319
0	0.5599095821380615
0	0.6617282032966614
0	0.19549360871315002
0	0.49898579716682434
0	0.3114211857318878
0	0.38321399688720703
0	0.4085056185722351
0	0.623909056186676
0	0.4316006302833557
0	0.6349557042121887
0	0.7750318646430969
0	0.6941745281219482
0	0.5025637149810791
0	0.2690136730670929
0	0.7435909509658813
0	0.6161359548568726
0	0.4425561726093292
0	0.7030750513076782
0	0.36023542284965515
0	0.7059903740882874
0	0.40246760845184326
0	0.6219327449798584
0	0.48274174332618713
0	0.5618597865104675
0	0.46162161231040955
0	0.6956627368927002
0	0.5123557448387146
0	0.6060192584991455
0	0.3139364421367645
0	0.4854627549648285
0	0.2835471034049988
0	0.6031283140182495
0	0.3208431899547577
0	0.4615991413593292
0	0.6833824515342712
0	0.42023709416389465
0	0.14198490977287292
0	0.3013432025909424
0	0.45557114481925964
0	0.27512961626052856
0	0.07286142557859421
0	0.3722153902053833
0	0.17957614362239838
0	0.45503348112106323
0	0.5362573266029358
0	0.6746426820755005
0	0.6254683136940002
0	0.5786076188087463
0	0.4862380623817444
0	0.599058210849762
0	0.27995243668556213
0	0.7888249754905701
0	0.38337570428848267
0	0.40036624670028687
0	0.6150113940238953
0	0.5562881827354431
0	0.6872391104698181
0	0.4844333231449127
0	0.15624161064624786
0	0.5713315010070801
0	0.37655365467071533
0	0.39303550124168396
0	0.4407750964164734
0	0.4673697352409363
0	0.6856566667556763
0	0.26700523495674133
0	0.31863734126091003
0	0.3473972678184509
0	0.38111037015914917
1	0.35463419556617737
1	0.2857445776462555
0	0.4449441730976105
0	0.6845976114273071
1	0.7182128429412842
0	0.7062103152275085
1	0.33659517765045166
1	0.5951662063598633
1	0.5883967876434326
1	0.314283162355423
1	0.03681414574384689
1	0.20747829973697662
0	0.3948383331298828
0	0.32078927755355835
0	0.6331475973129272
0	0.7877128720283508
0	0.7472281455993652
0	0.6935737133026123
0	0.6337773203849792
0	0.6905602812767029
0	0.46018457412719727
0	0.2963809370994568
0	0.6157501935958862
0	0.0369168296456337
1	0.47662675380706787
1	0.584962785243988
1	0.43459731340408325
1	0.1443362534046173
0	0.37636348605155945
0	0.5365258455276489
1	0.5070996880531311
0	0.6856899857521057
0	0.6064420938491821
1	0.639466404914856
1	0.27161699533462524
1	0.30118831992149353
1	0.20239610970020294
0	0.35886234045028687
1	0.3726430833339691
0	0.5159577131271362
0	0.30571502447128296
0	0.4265928864479065
0	0.1984461545944214
0	0.5223181247711182
0	0.4269058108329773
0	0.7676335573196411
0	0.6835492849349976
0	0.491632878780365
0	0.28060659766197205
0	0.256979763507843
0	0.34456244111061096
0	0.5884142518043518
0	0.5502943396568298
0	0.09712633490562439
0	0.3616671562194824
0	0.33066725730895996
0	0.35077086091041565
0	0.472111314535141
0	0.31202638149261475
0	0.41451123356819153
0	0.44716978073120117
0	0.46608415246009827
1	0.6867713928222656
0	0.5494024157524109
1	0.6165953874588013
0	0.5991016626358032
0	0.42666393518447876
0	0.3853679597377777
0	0.29872480034828186
0	0.13064666092395782
0	0.3263551890850067
0	0.07230058312416077
0	0.453978031873703
0	0.5984073877334595
0	0.6455615758895874
0	0.601229190826416
0	0.21883359551429749
0	0.34864339232444763
0	0.6268661618232727
0	0.3238731622695923
1	0.5078033208847046
1	0.4701610505580902
0	0.8557679653167725
0	0.6654788255691528
0	0.2034692019224167
0	0.09668081253767014
0	0.3602338135242462
0	0.30376097559928894
0	0.5024110674858093
0	0.691661536693573
0	0.244368314743042
0	0.5801329016685486
0	0.3842757046222687
1	0.7029678225517273
1	0.35803505778312683
0	0.3298012316226959
1	0.4995656907558441
1	0.6264492869377136
0	0.405024915933609
0	0.5292854905128479
0	0.49921897053718567
0	0.30650490522384644
0	0.3245707154273987
0	0.6089820265769958
0	0.35554641485214233
0	0.6619496941566467
0	0.8471233248710632
0	0.8075090050697327
0	0.8743348121643066
0	0.7047901153564453
0	0.6002019047737122
0	0.7448227405548096
0	0.5436693429946899
0	0.6954073309898376
1	0.7897211313247681
0	0.6513879299163818
0	0.634202241897583
1	0.7540189623832703
0	0.8037983179092407
0	0.6972413063049316
1	0.8521041870117188
1	0.8104955554008484
0	0.5696808695793152
1	0.7970491647720337
1	0.775416374206543
1	0.6260591745376587
1	0.5360021591186523
1	0.7693360447883606
1	0.9339646697044373
0	0.5209122896194458
0	0.7574562430381775
0	0.6366693377494812
0	0.4555281698703766
0	0.33213740587234497
0	0.16011323034763336
1	0.5234860181808472
0	0.47576215863227844
0	0.40961727499961853
0	0.43736180663108826
0	0.40188297629356384
0	0.4304007589817047
0	0.31684303283691406
0	0.4169113337993622
0	0.7403392195701599
0	0.7963308691978455
0	0.7840151786804199
0	0.7990688681602478
0	0.8125364780426025
0	0.8103415369987488
0	0.5593364834785461
0	0.7738381028175354
0	0.2798106372356415
0	0.46057048439979553
0	0.2722499370574951
0	0.16842474043369293
0	0.3327953815460205
0	0.4086449444293976
0	0.13892307877540588
0	0.4466152489185333
0	0.469327837228775
0	0.37468981742858887
0	0.3820398151874542
0	0.7212840914726257
1	0.6751285791397095
0	0.17483437061309814
0	0.7740356922149658
0	0.9178828001022339
1	0.9239924550056458
0	0.8625683784484863
0	0.8135199546813965
0	0.7287517189979553
0	0.3889439105987549
0	0.6860818266868591
0	0.5757172703742981
0	0.6631513833999634
0	0.3730814456939697
0	0.12236713618040085
0	0.7639267444610596
0	0.5185414552688599
0	0.32962101697921753
0	0.47464457154273987
0	0.6890118718147278
0	0.6996649503707886
0	0.672605574131012
0	0.6545835733413696
0	0.7213059663772583
0	0.7493239045143127
0	0.5350924730300903
0	0.5500255227088928
0	0.3228582441806793
0	0.8082773089408875
0	0.4417901933193207
0	0.43793216347694397
0	0.5117425322532654
1	0.49755996465682983
0	0.49801817536354065
1	0.6615394949913025
1	0.6164701581001282
0	0.5930073857307434
1	0.7292938828468323
0	0.43634092807769775
0	0.7484843730926514
0	0.8035455942153931
0	0.8066083788871765
0	0.7587133646011353
1	0.8421844244003296
1	0.798714816570282
0	0.46475517749786377
1	0.701750636100769
0	0.8299457430839539
0	0.45477214455604553
0	0.6903898119926453
0	0.6223775148391724
0	0.4704403281211853
0	0.33544740080833435
0	0.39186277985572815
0	0.5526294112205505
0	0.4091205596923828
1	0.6969143748283386
0	0.782609760761261
0	0.6106491088867188
1	0.6324276924133301
1	0.8213663697242737
1	0.7959629893302917
1	0.7001919746398926
1	0.5026167035102844
0	0.4842708706855774
0	0.5829689502716064
0	0.45306044816970825
0	0.5084474086761475
0	0.8336357474327087
0	0.687847375869751
0	0.5737642049789429
0	0.7454062104225159
0	0.7409054040908813
0	0.7387136816978455
0	0.7585880160331726
0	0.6011766791343689
0	0.7644942998886108
0	0.6523177027702332
0	0.7619208693504333
0	0.8428993821144104
0	0.8362113237380981
0	0.8562397360801697
0	0.8663762807846069
0	0.42263954877853394
0	0.6828737258911133
0	0.531281054019928
0	0.47079551219940186
0	0.5120415687561035
0	0.7750873565673828
0	0.4296276867389679
0	0.5963939428329468
0	0.8226642608642578
0	0.3601625859737396
0	0.5094367265701294
0	0.7032918334007263
0	0.48741018772125244
0	0.5620815753936768
0	0.7656305432319641
0	0.3719652593135834
0	0.44912588596343994
0	0.4175572395324707
0	0.37509068846702576
0	0.3574036955833435
0	0.32273128628730774
0	0.14764033257961273
0	0.067692831158638
0	0.5198285579681396
0	0.793575644493103
0	0.2876429855823517
0	0.3486729562282562
0	0.3549588918685913
0	0.34085923433303833
0	0.5870469808578491
0	0.6976664066314697
0	0.5429502725601196
0	0.7433953881263733
0	0.47638261318206787
0	0.7030274271965027
0	0.5649535059928894
0	0.6859650015830994
0	0.7762668132781982
0	0.6852936148643494
0	0.2237446904182434
0	0.4469548165798187
0	0.34703293442726135
0	0.32467564940452576
0	0.4679572880268097
0	0.44270461797714233
0	0.3765541911125183
0	0.5126005411148071
0	0.6310790181159973
0	0.6297276020050049
0	0.4894472360610962
0	0.3931910991668701
0	0.5543895363807678
0	0.2918994724750519
0	0.5938950777053833
0	0.4603980481624603
0	0.7196019291877747
0	0.5039582252502441
0	0.3800380229949951
0	0.5788811445236206
0	0.5985528826713562
0	0.738454282283783
0	0.7324352860450745
0	0.7271994948387146
0	0.7577663064002991
0	0.828829288482666
0	0.7045382857322693
0	0.6329987049102783
0	0.7140995860099792
0	0.45254766941070557
0	0.4700680077075958
0	0.4562944769859314
0	0.6789387464523315
0	0.5616797208786011
0	0.49967464804649353
0	0.4961024224758148
0	0.5524238348007202
0	0.569963276386261
0	0.7133224010467529
0	0.5132697224617004
0	0.6995174884796143
0	0.6787784099578857
0	0.6137202978134155
0	0.5494574308395386
0	0.6023370027542114
0	0.4465315043926239
0	0.38953498005867004
0	0.5015046000480652
0	0.4657696485519409
0	0.40609851479530334
0	0.5396116971969604
0	0.512596070766449
1	0.6640297174453735
0	0.6677642464637756
1	0.7839474678039551
1	0.6537892818450928
1	0.6193056106567383
0	0.6804295182228088
1	0.7359063625335693
1	0.5336783528327942
1	0.5200761556625366
1	0.5748148560523987
0	0.6285813450813293
1	0.7491533160209656
0	0.623832643032074
0	0.6851089000701904
0	0.5670647621154785
0	0.5041254758834839
0	0.7230295538902283
0	0.7459749579429626
0	0.6925392150878906
0	0.7372698783874512
0	0.645934522151947
0	0.7385184168815613
0	0.6868579983711243
0	0.7664701342582703
0	0.6311231255531311
0	0.5526745319366455
0	0.721150815486908
0	0.506376326084137
0	0.5845298171043396
0	0.5153399109840393
0	0.6451340317726135
0	0.46250200271606445
1	0.7791045904159546
1	0.4956061542034149
1	0.5352189540863037
1	0.5912063717842102
1	0.5154036283493042
1	0.5995116233825684
1	0.7027319669723511
1	0.632868230342865
0	0.6682931184768677
0	0.4390266239643097
0	0.545161783695221
0	0.5099852681159973
0	0.7010661363601685
0	0.5424103140830994
0	0.5986487865447998
0	0.3475131094455719
0	0.5428329110145569
0	0.3408941328525543
0	0.6563635468482971
0	0.6121819615364075
0	0.5663818717002869
0	0.5486391186714172
0	0.6172664761543274
0	0.5406680703163147
0	0.5426933765411377
0	0.7939348816871643
0	0.41870754957199097
0	0.4909641742706299
0	0.37735357880592346
0	0.4533478021621704
0	0.4514960050582886
0	0.33213621377944946
0	0.3960343599319458
0	0.43318867683410645
0	0.5625855326652527
0	0.38329580426216125
0	0.3663790225982666
0	0.13373211026191711
0	0.25144514441490173
1	0.45745351910591125
0	0.4777328073978424
1	0.5394526720046997
0	0.41899627447128296
0	0.4141088128089905
0	0.23345182836055756
1	0.23391689360141754
0	0.38168761134147644
0	0.43163904547691345
0	0.5656940340995789
0	0.42491865158081055
0	0.2231176793575287
0	0.32438233494758606
0	0.20821864902973175
0	0.3782426714897156
0	0.6638219952583313
0	0.32616716623306274
0	0.5793370604515076
0	0.36217331886291504
0	0.7970955967903137
0	0.6790273785591125
0	0.5727448463439941
0	0.7520983815193176
0	0.7043974995613098
0	0.6572628617286682
0	0.43058717250823975
0	0.47874128818511963
0	0.5777491331100464
0	0.4693808853626251
0	0.4271182417869568
0	0.44151511788368225
0	0.5148769021034241
0	0.5728121399879456
0	0.49167606234550476
0	0.6680073142051697
0	0.5596818923950195
0	0.5373150110244751
0	0.5752714276313782
0	0.44667840003967285
0	0.3569834530353546
0	0.29732173681259155
0	0.35525649785995483
1	0.325344979763031
1	0.3798995018005371
1	0.534618079662323
1	0.6363805532455444
1	0.6601542234420776
0	0.5532118678092957
1	0.4396064579486847
1	0.36077141761779785
1	0.22844554483890533
0	0.3888177275657654
0	0.2784368395805359
0	0.3655760586261749
0	0.5374082922935486
0	0.4096243977546692
0	0.6110368371009827
0	0.5843814611434937
0	0.5180306434631348
0	0.4383922815322876
0	0.606669008731842
0	0.43954771757125854
0	0.2969778776168823
0	0.3136829733848572
0	0.32662978768348694
1	0.6344902515411377
1	0.56578528881073
1	0.6176894903182983
1	0.5043983459472656
0	0.6751840114593506
0	0.48716098070144653
0	0.43860772252082825
0	0.3347269892692566
0	0.5601409077644348
0	0.6395442485809326
0	0.306188702583313
0	0.4479673504829407
0	0.6387725472450256
0	0.49542826414108276
0	0.389279305934906
0	0.32153674960136414
0	0.5244041681289673
0	0.7134911417961121
0	0.5220757126808167
0	0.7010985612869263
0	0.7039066553115845
0	0.6675129532814026
0	0.46724486351013184
0	0.2996545433998108
0	0.5690221190452576
0	0.51902836561203
0	0.6259442567825317
0	0.667471706867218
0	0.6222022771835327
0	0.7047669887542725
0	0.572970986366272
0	0.6637933254241943
0	0.5877455472946167
0	0.6411763429641724
0	0.5657633543014526
0	0.5348965525627136
0	0.5290747880935669
0	0.4346688389778137
0	0.7453470230102539
0	0.5603745579719543
1	0.5153740644454956
1	0.6901798844337463
1	0.6138763427734375
0	0.610141932964325
0	0.7001351714134216
0	0.4595007002353668
0	0.37623122334480286
0	0.5859530568122864
0	0.4627944231033325
0	0.4794086515903473
0	0.500056803226471
0	0.294255793094635
0	0.6596899628639221
0	0.46094053983688354
0	0.6192606091499329
0	0.4753529727458954
0	0.5483946800231934
0	0.3905355930328369
0	0.218552827835083
0	0.3317955434322357
0	0.36123526096343994
0	0.5709806680679321
0	0.7328392863273621
0	0.5901150107383728
0	0.16252875328063965
1	0.4938105046749115
1	0.41412726044654846
1	0.3834012746810913
1	0.4080338776111603
0	0.3964165151119232
0	0.4463920295238495
0	0.5336061716079712
1	0.493816077709198
1	0.7488617300987244
1	0.5171136856079102
0	0.5610862970352173
0	0.5921106338500977
0	0.5779287219047546
0	0.4597226083278656
0	0.5832120776176453
0	0.572527289390564
0	0.5655617117881775
0	0.5679407119750977
0	0.3232448101043701
0	0.4542008340358734
0	0.4187191128730774
0	0.5827021598815918
0	0.7424401640892029
0	0.30439281463623047
0	0.5499752163887024
0	0.5090156197547913
0	0.7566921710968018
0	0.3686258792877197
0	0.4157063364982605
0	0.5712388157844543
0	0.5640402436256409
0	0.4715551733970642
1	0.6330825090408325
1	0.5106126070022583
0	0.29758965969085693
0	0.33915722370147705
0	0.41059553623199463
0	0.4792611598968506
0	0.8341337442398071
1	0.7973034381866455
1	0.8657209277153015
0	0.6700420379638672
0	0.6417853236198425
0	0.737474262714386
0	0.5663822889328003
0	0.5479089617729187
0	0.747814416885376
0	0.6078696846961975
0	0.7858542203903198
0	0.8958252668380737
0	0.8228927254676819
0	0.6017076373100281
0	0.8402406573295593
0	0.8102361559867859
0	0.7665812969207764
0	0.8588388562202454
0	0.7965167760848999
0	0.4768301248550415
0	0.48344773054122925
0	0.7361487746238708
0	0.8690875172615051
0	0.7434375882148743
0	0.3572588264942169
0	0.40834689140319824
0	0.5452536344528198
0	0.26673898100852966
0	0.25084516406059265
0	0.5829209685325623
1	0.507502555847168
0	0.4288824200630188
1	0.6114092469215393
0	0.45106610655784607
0	0.3669910430908203
1	0.35462141036987305
1	0.4904957115650177
1	0.8920285701751709
1	0.8566363453865051
1	0.8055287599563599
0	0.7594735026359558
1	0.8761565089225769
1	0.6995118260383606
1	0.8359504342079163
1	0.6562778949737549
1	0.5268619060516357
0	0.23638039827346802
0	0.20867441594600677
0	0.2982609272003174
0	0.46809515357017517
0	0.44271284341812134
0	0.3998599648475647
0	0.25562191009521484
0	0.38862428069114685
0	0.7105322480201721
0	0.8887153267860413
0	0.18508809804916382
0	0.7446545362472534
0	0.919897198677063
0	0.9453186988830566
0	0.8701427578926086
0	0.806470513343811
0	0.7263096570968628
0	0.5066809058189392
0	0.7226367592811584
0	0.595474362373352
1	0.6159465312957764
0	0.33638015389442444
0	0.4476556181907654
0	0.09090670198202133
1	0.6176791787147522
1	0.6092544794082642
1	0.43596288561820984
1	0.5942299962043762
0	0.6916712522506714
1	0.6423418521881104
1	0.6357865929603577
1	0.7316432595252991
1	0.7611925005912781
1	0.7282498478889465
1	0.5212522149085999
1	0.3179401755332947
1	0.5471530556678772
1	0.30406424403190613
1	0.5649241805076599
1	0.524137020111084
0	0.35885652899742126
1	0.3973338007926941
0	0.29191482067108154
0	0.6259597539901733
0	0.5838049650192261
0	0.3625950217247009
0	0.5460289716720581
0	0.5407476425170898
0	0.4371142089366913
0	0.7070482969284058
0	0.48537108302116394
0	0.6020510792732239
0	0.4946820139884949
0	0.8058717846870422
0	0.6263312101364136
0	0.4357627332210541
0	0.6058051586151123
0	0.22116488218307495
0	0.2834853529930115
0	0.37369418144226074
0	0.3847258985042572
0	0.3370262682437897
0	0.2809094488620758
0	0.15338267385959625
0	0.5851516127586365
0	0.4158061146736145
0	0.41368529200553894
1	0.6379379034042358
0	0.3975636065006256
0	0.679680585861206
0	0.5934157371520996
0	0.7112547159194946
1	0.6120273470878601
1	0.7328298687934875
1	0.3951329290866852
1	0.6638333201408386
1	0.6725926399230957
0	0.20483092963695526
0	0.1676560938358307
0	0.4095954895019531
0	0.6227043867111206
0	0.5292211771011353
1	0.2983250021934509
0	0.3588266670703888
0	0.7348059415817261
0	0.3506745994091034
1	0.7002477049827576
0	0.8201183080673218
1	0.8307211399078369
1	0.7000017166137695
0	0.370351105928421
0	0.6710408329963684
0	0.577083945274353
0	0.6028321385383606
0	0.536492645740509
0	0.7452489733695984
0	0.7037059664726257
0	0.6028466820716858
0	0.6391198635101318
0	0.6121196150779724
0	0.12982790172100067
0	0.6750907897949219
0	0.07547979056835175
0	0.31783100962638855
0	0.3132111132144928
0	0.5086975693702698
0	0.6459490060806274
0	0.20518140494823456
0	0.6497928500175476
0	0.4094863831996918
0	0.1436918079853058
0	0.24452650547027588
0	0.050002571195364
0	0.2289917767047882
0	0.09026070684194565
0	0.33525311946868896
0	0.1145717203617096
0	0.4493953585624695
0	0.5177429914474487
0	0.33379417657852173
0	0.36759012937545776
0	0.3804783821105957
0	0.5399335622787476
0	0.2406923770904541
0	0.33089086413383484
0	0.43346866965293884
0	0.36914879083633423
0	0.2930475175380707
1	0.7200689911842346
1	0.6463877558708191
1	0.7970582246780396
1	0.8223690986633301
1	0.8569619059562683
1	0.715821385383606
1	0.7160618305206299
0	0.6856281161308289
1	0.6582590937614441
0	0.3591838479042053
0	0.5956388115882874
0	0.34645506739616394
0	0.5138935446739197
0	0.11572904884815216
0	0.5319336652755737
0	0.2652404308319092
0	0.515035092830658
0	0.6181309223175049
0	0.6503826379776001
0	0.33836886286735535
0	0.43449199199676514
0	0.6789854764938354
0	0.7238996624946594
0	0.6436339020729065
0	0.681599497795105
1	0.48285651206970215
1	0.3749173581600189
1	0.4583631157875061
1	0.6191667914390564
0	0.3279353380203247
0	0.48395851254463196
0	0.5365687608718872
0	0.3208245038986206
0	0.7754824757575989
0	0.5842084288597107
0	0.8096676468849182
0	0.7549955248832703
0	0.8109479546546936
0	0.8062334060668945
0	0.4182983934879303
0	0.42699557542800903
0	0.4882391095161438
0	0.1735052764415741
1	0.6157224178314209
1	0.6560230851173401
1	0.5025476813316345
1	0.18334436416625977
0	0.30666354298591614
0	0.24855120480060577
0	0.29147568345069885
0	0.5775501132011414
0	0.559796154499054
0	0.6309366226196289
0	0.413892924785614
0	0.48742032051086426
1	0.22909048199653625
1	0.32391390204429626
1	0.3094891607761383
1	0.34739500284194946
1	0.4979443848133087
1	0.49657124280929565
0	0.607707142829895
1	0.4001349210739136
0	0.44905731081962585
1	0.5766385793685913
1	0.6291773915290833
0	0.6601141691207886
0	0.6927903890609741
1	0.6966715455055237
0	0.5992487072944641
0	0.2587282061576843
0	0.30630046129226685
0	0.48238569498062134
0	0.4088718295097351
0	0.11804955452680588
0	0.4671371579170227
0	0.6227571368217468
0	0.5728969573974609
0	0.7644366025924683
0	0.7365718483924866
0	0.697137176990509
0	0.7599498629570007
0	0.717490017414093
0	0.7866978645324707
0	0.6845795512199402
0	0.7810654044151306
0	0.37126094102859497
0	0.15873004496097565
0	0.4571102261543274
0	0.08112603425979614
0	0.4228094220161438
0	0.6397843360900879
0	0.4496232271194458
0	0.2577630579471588
0	0.7066093683242798
0	0.745884120464325
0	0.4995846748352051
0	0.7760881781578064
0	0.46024319529533386
0	0.6292051076889038
0	0.21163024008274078
0	0.5901190042495728
0	0.34802931547164917
0	0.4563453197479248
0	0.2820793688297272
0	0.4263882040977478
0	0.3422527611255646
0	0.36038637161254883
0	0.48974254727363586
0	0.3436477482318878
0	0.4115943908691406
0	0.41641107201576233
0	0.6619172096252441
0	0.4739364981651306
0	0.4713118374347687
0	0.45363277196884155
0	0.6883310675621033
0	0.655386209487915
0	0.7835817933082581
0	0.6119856834411621
0	0.7233814001083374
0	0.6450439095497131
0	0.7497535347938538
0	0.7849461436271667
0	0.7571931481361389
0	0.47182443737983704
0	0.7430593371391296
0	0.6653868556022644
0	0.748428225517273
0	0.5564786195755005
0	0.5807719230651855
0	0.4541216492652893
0	0.5438540577888489
0	0.5282122492790222
0	0.4317144453525543
0	0.5427356362342834
0	0.5455411672592163
0	0.39431294798851013
0	0.4052436351776123
0	0.47851836681365967
0	0.6875755786895752
0	0.5571516156196594
0	0.5020630359649658
0	0.44682058691978455
0	0.7076225876808167
0	0.39099952578544617
0	0.6696640849113464
0	0.4313739240169525
0	0.504218578338623
0	0.5649482607841492
0	0.5732606053352356
0	0.5020421743392944
0	0.47504863142967224
0	0.40574467182159424
0	0.6564673781394958
0	0.6335872411727905
0	0.7638474702835083
0	0.6885495781898499
0	0.8176250457763672
0	0.676017165184021
0	0.7327208518981934
1	0.8061859011650085
1	0.521375834941864
1	0.7466363906860352
1	0.6156529188156128
1	0.5524547100067139
1	0.7420515418052673
1	0.602046549320221
1	0.6629790663719177
1	0.7256937623023987
0	0.688487708568573
0	0.6816412210464478
0	0.7428102493286133
0	0.7860416173934937
0	0.7737030982971191
1	0.7479301691055298
1	0.6070013642311096
1	0.5387869477272034
0	0.6940006017684937
1	0.45385944843292236
0	0.636840283870697
0	0.48239701986312866
0	0.5735184550285339
0	0.6180234551429749
0	0.7118624448776245
0	0.7552047371864319
0	0.6783463954925537
0	0.5730177760124207
0	0.5267043113708496
0	0.5452475547790527
0	0.6539786458015442
0	0.5820034742355347
0	0.7876894474029541
0	0.7222397923469543
0	0.671690821647644
0	0.5955386757850647
0	0.7366259694099426
0	0.5415318012237549
0	0.4584115743637085
0	0.5961975455284119
0	0.5252755880355835
1	0.4221550226211548
1	0.42245838046073914
1	0.4430784285068512
1	0.48591098189353943
0	0.6763823628425598
0	0.5848626494407654
0	0.6090390682220459
0	0.4312904477119446
0	0.5510907173156738
0	0.522133469581604
0	0.7454670667648315
0	0.7570773363113403
0	0.6131278276443481
0	0.48698562383651733
0	0.7263708114624023
0	0.7955791354179382
0	0.779034435749054
0	0.6673369407653809
0	0.7616850137710571
0	0.804611325263977
0	0.7260755896568298
0	0.7568106055259705
0	0.727577805519104
0	0.6288833022117615
0	0.7186814546585083
0	0.603657603263855
0	0.7396421432495117
0	0.5936165452003479
0	0.4949469268321991
1	0.6004369854927063
1	0.6109040379524231
1	0.6957711577415466
1	0.5665977001190186
1	0.5618010759353638
1	0.6705977320671082
1	0.45775362849235535
1	0.6087533831596375
0	0.40308231115341187
0	0.46889519691467285
0	0.46033841371536255
0	0.5154638290405273
0	0.5201466083526611
1	0.583101749420166
1	0.6346715092658997
1	0.6114850640296936
1	0.5938628315925598
1	0.6123918890953064
0	0.42182764410972595
0	0.6907828450202942
0	0.5056975483894348
0	0.6926229596138
0	0.7294070720672607
0	0.6973913908004761
0	0.5898516774177551
0	0.5357099175453186
1	0.7393020987510681
1	0.5280984044075012
1	0.6320034265518188
1	0.6935775279998779
0	0.6555745005607605
0	0.740771472454071
0	0.43084460496902466
0	0.5061675310134888
0	0.5069688558578491
0	0.4495455324649811
0	0.6133864521980286
0	0.5276548266410828
0	0.49079957604408264
0	0.6116360425949097
0	0.5071109533309937
0	0.5339770913124084
0	0.6404160857200623
0	0.42850691080093384
0	0.5191354155540466
0	0.5068243741989136
0	0.5209294557571411
0	0.5564789175987244
0	0.4923897683620453
0	0.7474531531333923
0	0.569556713104248
0	0.5105205774307251
0	0.6487749218940735
0	0.5869799256324768
0	0.6614974737167358
0	0.663692057132721
0	0.6468892097473145
0	0.6154888868331909
0	0.6112146377563477
0	0.6043140888214111
0	0.6438646912574768
0	0.6324108242988586
0	0.5373098254203796
0	0.5244901776313782
0	0.6982696652412415
0	0.5693158507347107
0	0.5218446850776672
0	0.7579480409622192
0	0.7186713814735413
0	0.7983420491218567
0	0.760371208190918
0	0.6924691796302795
0	0.6772541403770447
0	0.7659400701522827
0	0.6792392134666443
0	0.797360897064209
0	0.7164424061775208
0	0.7645071148872375
0	0.7496724128723145
0	0.7661506533622742
0	0.7437232732772827
0	0.7550032734870911
0	0.7766417860984802
0	0.6065707802772522
0	0.7374794483184814
0	0.7533596158027649
0	0.7213159799575806
0	0.6397110819816589
0	0.5899311304092407
0	0.6843966245651245
0	0.7502713203430176
0	0.5793595314025879
0	0.6998961567878723
0	0.7292475700378418
0	0.7621184587478638
0	0.741795539855957
0	0.6169688105583191
0	0.7313892841339111
0	0.7222977876663208
0	0.7095160484313965
0	0.7080575227737427
0	0.7625052332878113
0	0.662629246711731
0	0.46405062079429626
0	0.6453828811645508
0	0.771475613117218
0	0.694279134273529
0	0.5037006735801697
0	0.659956157207489
0	0.5569931268692017
0	0.5606141686439514
0	0.6494848132133484
0	0.7063152194023132
0	0.5859454870223999
0	0.7183395028114319
0	0.4543584883213043
0	0.5903858542442322
0	0.5972506999969482
0	0.6927050352096558
0	0.562652051448822
0	0.8068543672561646
0	0.5125421285629272
0	0.2918812930583954
0	0.46009761095046997
0	0.38835737109184265
0	0.6667703986167908
0	0.5840269327163696
0	0.5197188854217529
0	0.5851932168006897
0	0.5045069456100464
0	0.5243487358093262
0	0.48290130496025085
0	0.5012525320053101
0	0.5120164155960083
0	0.7552698850631714
0	0.4375326931476593
0	0.7819873094558716
0	0.6670323610305786
0	0.5714606642723083
0	0.7864680290222168
0	0.6732987761497498
0	0.6492951512336731
0	0.5067861080169678
0	0.44026637077331543
0	0.5941017270088196
0	0.33474254608154297
0	0.33475419878959656
0	0.4178996682167053
0	0.4042764902114868
0	0.5449089407920837
0	0.4232827425003052
0	0.4134827256202698
0	0.5856764912605286
0	0.6542113423347473
0	0.4310334622859955
1	0.34815195202827454
0	0.5262162089347839
1	0.3069886863231659
0	0.3831612169742584
0	0.2839762568473816
1	0.33677080273628235
0	0.22195744514465332
1	0.18610471487045288
0	0.3048180639743805
1	0.21807365119457245
1	0.3393687605857849
1	0.38993731141090393
0	0.49822497367858887
0	0.5991348624229431
1	0.6480317711830139
0	0.3957521617412567
0	0.36674878001213074
0	0.5369070172309875
1	0.6666536927223206
1	0.45350220799446106
1	0.38862767815589905
1	0.49004706740379333
1	0.7358239889144897
1	0.813138484954834
1	0.6413187384605408
1	0.6477055549621582
1	0.631019115447998
1	0.20653440058231354
0	0.2823851704597473
0	0.2616531252861023
0	0.39680999517440796
0	0.44620436429977417
0	0.403583288192749
0	0.5306181311607361
0	0.4462084472179413
0	0.494925320148468
0	0.2725125253200531
0	0.6051025390625
0	0.6131132245063782
0	0.4245142638683319
0	0.7447512149810791
0	0.6303318738937378
0	0.4622085392475128
0	0.6583014130592346
0	0.7254796624183655
0	0.6121532320976257
0	0.6643383502960205
0	0.6554433703422546
0	0.6944426894187927
0	0.8320746421813965
0	0.7570774555206299
0	0.7850741147994995
0	0.619208037853241
0	0.7006146907806396
0	0.7273596525192261
0	0.7122914791107178
0	0.7789144515991211
0	0.7320073246955872
0	0.74167799949646
0	0.6603120565414429
0	0.7449225783348083
0	0.7155163884162903
0	0.6592614054679871
0	0.7780485153198242
0	0.6990864872932434
0	0.48197028040885925
0	0.386684775352478
0	0.43137624859809875
0	0.42482852935791016
0	0.4555390179157257
0	0.5439075827598572
0	0.4635089337825775
0	0.6554073691368103
0	0.38796913623809814
0	0.25175851583480835
0	0.2657518684864044
0	0.5118383765220642
0	0.34230831265449524
0	0.25310906767845154
0	0.27247270941734314
0	0.36257222294807434
0	0.3418099284172058
1	0.4786835312843323
0	0.4518507719039917
1	0.36264359951019287
0	0.2517503798007965
0	0.3609325587749481
0	0.30642223358154297
0	0.3097553849220276
0	0.24819231033325195
0	0.20828182995319366
0	0.28524988889694214
0	0.1838964968919754
0	0.4472452402114868
0	0.4228735566139221
0	0.7219670414924622
0	0.734498918056488
0	0.5287487506866455
0	0.641143262386322
0	0.5104312300682068
0	0.255565345287323
0	0.48717013001441956
0	0.43913179636001587
1	0.6061825752258301
0	0.36222049593925476
1	0.5828360915184021
0	0.3087588846683502
0	0.493219256401062
0	0.4496361017227173
0	0.4476274251937866
0	0.26510390639305115
0	0.22636762261390686
0	0.33946192264556885
0	0.3338361382484436
0	0.33435332775115967
0	0.4620057940483093
0	0.5105502605438232
0	0.41860315203666687
0	0.5458170175552368
0	0.605099081993103
0	0.38099804520606995
0	0.5135756731033325
0	0.5125504732131958
0	0.239881694316864
0	0.08039304614067078
0	0.20925846695899963
0	0.17013730108737946
0	0.4209434390068054
0	0.19518880546092987
0	0.2805018424987793
0	0.30123481154441833
0	0.31552866101264954
0	0.2894197404384613
0	0.38258224725723267
0	0.5022563338279724
0	0.4970943331718445
0	0.3489532172679901
0	0.47393351793289185
0	0.40008634328842163
0	0.6306063532829285
0	0.6374836564064026
0	0.7896499633789062
0	0.7449616193771362
0	0.6105279922485352
0	0.4856038987636566
0	0.4392234683036804
0	0.3310619592666626
0	0.3120756149291992
0	0.23834484815597534
0	0.3134921193122864
0	0.13076730072498322
0	0.4111577272415161
0	0.5911494493484497
0	0.4203643202781677
0	0.5979712009429932
0	0.44354739785194397
0	0.6163443326950073
0	0.25779616832733154
0	0.30538010597229004
0	0.40527617931365967
0	0.37481799721717834
0	0.500535249710083
0	0.40659138560295105
0	0.45573627948760986
0	0.522023618221283
0	0.5257495641708374
0	0.40095072984695435
0	0.43861621618270874
0	0.5406714677810669
0	0.5589159727096558
0	0.34818390011787415
0	0.45493704080581665
0	0.4926401674747467
1	0.4394167363643646
1	0.46703779697418213
0	0.5373551845550537
0	0.46350181102752686
0	0.4313586354255676
0	0.41837501525878906
0	0.3935401737689972
0	0.34457358717918396
0	0.2258235514163971
1	0.30488070845603943
0	0.3688352108001709
0	0.2619592249393463
0	0.5249549150466919
0	0.4163479804992676
0	0.5217123031616211
0	0.7533440589904785
0	0.40072277188301086
0	0.7690924406051636
0	0.3259600102901459
0	0.6785926222801208
0	0.39172273874282837
0	0.5779637694358826
0	0.6286733746528625
0	0.6985775828361511
0	0.6748329401016235
0	0.3898288607597351
0	0.760273814201355
0	0.4055499732494354
0	0.5757816433906555
0	0.44724711775779724
0	0.3852638900279999
0	0.3439759612083435
0	0.6348370313644409
0	0.674588143825531
0	0.6640422344207764
0	0.5400809645652771
0	0.8379223346710205
0	0.4317076802253723
0	0.5824722647666931
0	0.49231278896331787
1	0.26722487807273865
1	0.47566914558410645
1	0.4494076073169708
1	0.5875951051712036
1	0.5743940472602844
0	0.6873663663864136
0	0.460496723651886
0	0.39223042130470276
0	0.5821186304092407
0	0.48688116669654846
0	0.523554265499115
1	0.685455322265625
1	0.531661868095398
1	0.7733296155929565
1	0.7052423357963562
1	0.8038328289985657
1	0.8166468739509583
0	0.7443282008171082
1	0.8116022348403931
0	0.7767069339752197
0	0.7499516606330872
0	0.6464074850082397
0	0.6990959644317627
0	0.6560772657394409
0	0.5611947774887085
1	0.5678696036338806
0	0.610815703868866
0	0.6266207098960876
1	0.3421515226364136
0	0.5662122964859009
0	0.5770083069801331
0	0.5767787098884583
0	0.5449492335319519
0	0.5217000246047974
0	0.4498288333415985
0	0.4550195634365082
0	0.46749475598335266
0	0.7078847885131836
0	0.8816331624984741
0	0.8366937637329102
0	0.28709834814071655
0	0.8636584877967834
0	0.7079935669898987
0	0.8713667988777161
1	0.8268405795097351
1	0.746214747428894
0	0.6922875046730042
0	0.7424947023391724
0	0.6854443550109863
0	0.7696319222450256
0	0.7886524796485901
0	0.7409800291061401
0	0.7568182349205017
0	0.5742135047912598
0	0.21058407425880432
0	0.3620253801345825
0	0.4404204785823822
0	0.760037899017334
0	0.4181976020336151
0	0.488844633102417
0	0.4548892378807068
0	0.6116005182266235
0	0.6477144360542297
0	0.7709760665893555
0	0.6066955327987671
0	0.5729038119316101
0	0.7345482110977173
0	0.7832673788070679
0	0.8731259107589722
0	0.8504835367202759
0	0.8725627660751343
0	0.8245291709899902
0	0.8519060611724854
0	0.7124897837638855
0	0.7171801328659058
0	0.699489951133728
0	0.7421332597732544
0	0.7781779170036316
1	0.7634863257408142
1	0.8670769333839417
0	0.8140150904655457
1	0.9281464219093323
0	0.7979931831359863
0	0.8495230674743652
0	0.7017689943313599
0	0.8580449819564819
0	0.3027111887931824
0	0.90680330991745
0	0.7699820399284363
0	0.82879638671875
0	0.6908044219017029
0	0.4935430586338043
0	0.2967865467071533
0	0.7353855967521667
0	0.7198137044906616
0	0.4654567241668701
0	0.38713639974594116
0	0.16278433799743652
0	0.2592024505138397
0	0.2926079034805298
0	0.431476354598999
0	0.5112366676330566
0	0.6531481742858887
0	0.6335328221321106
0	0.7219030857086182
1	0.7212279438972473
1	0.7530391812324524
1	0.423755943775177
1	0.5052440762519836
1	0.7138642072677612
1	0.698505699634552
1	0.8310303092002869
0	0.7828728556632996
1	0.8555448055267334
0	0.44892311096191406
0	0.8064651489257812
0	0.4703519344329834
0	0.7849504947662354
0	0.3279428780078888
0	0.6138954162597656
0	0.3553854525089264
0	0.40186867117881775
0	0.2524505853652954
0	0.31608492136001587
0	0.26927855610847473
0	0.16079258918762207
0	0.23089511692523956
0	0.1984768658876419
0	0.36201211810112
0	0.4192016124725342
0	0.31470924615859985
0	0.41163915395736694
0	0.47730815410614014
0	0.7243475317955017
0	0.5957062840461731
0	0.7183251976966858
0	0.5884228348731995
0	0.5633888840675354
0	0.6031675934791565
0	0.36208173632621765
0	0.45335784554481506
0	0.4870697855949402
0	0.28738996386528015
0	0.4833470582962036
0	0.2865819036960602
0	0.4198865592479706
1	0.4671592712402344
0	0.22383005917072296
1	0.5102960467338562
0	0.5913578271865845
1	0.6067249178886414
1	0.6972495913505554
1	0.30768877267837524
0	0.22934024035930634
0	0.40548789501190186
0	0.4055401682853699
0	0.4468137323856354
0	0.34790679812431335
0	0.5393892526626587
0	0.42964452505111694
0	0.11791092902421951
0	0.3812970221042633
0	0.542344331741333
0	0.20117399096488953
0	0.19556835293769836
0	0.4410227835178375
0	0.47886884212493896
0	0.4270143508911133
0	0.46503859758377075
0	0.4359370172023773
0	0.6897401809692383
0	0.5271149277687073
0	0.4283123016357422
0	0.5600401163101196
0	0.4761950969696045
0	0.3903712332248688
0	0.40220388770103455
0	0.35556700825691223
0	0.39327767491340637
0	0.39848998188972473
0	0.6427755951881409
0	0.7086709141731262
0	0.46233153343200684
0	0.29032015800476074
0	0.19442178308963776
0	0.2737366259098053
0	0.17933954298496246
1	0.26150745153427124
0	0.2824161946773529
0	0.3177221417427063
0	0.4741884469985962
1	0.6427493095397949
1	0.7134407758712769
1	0.44882598519325256
0	0.18502768874168396
0	0.2657504975795746
0	0.5288923978805542
0	0.22465300559997559
0	0.48914650082588196
0	0.2827933132648468
0	0.4190632700920105
0	0.25648918747901917
0	0.39718854427337646
0	0.6693471670150757
0	0.41111043095588684
0	0.6509769558906555
0	0.5418765544891357
0	0.3072300851345062
0	0.7007418274879456
0	0.4862114489078522
0	0.29472070932388306
0	0.5682239532470703
0	0.42660027742385864
0	0.5206854939460754
0	0.5543478727340698
0	0.19197311997413635
0	0.30952689051628113
0	0.6418826580047607
0	0.5732057094573975
0	0.30084678530693054
0	0.29239484667778015
0	0.8311811089515686
0	0.4246142506599426
0	0.4192298948764801
0	0.6145534515380859
0	0.48297592997550964
0	0.298061728477478
0	0.25978171825408936
0	0.511642575263977
0	0.49869200587272644
0	0.38755717873573303
0	0.6808419227600098
0	0.5747780799865723
0	0.21014755964279175
0	0.31213030219078064
0	0.2811354696750641
0	0.3587973713874817
0	0.35416892170906067
0	0.41282856464385986
0	0.42450854182243347
0	0.3337530195713043
0	0.3079703748226166
0	0.47068265080451965
1	0.3074209690093994
1	0.2399955540895462
0	0.2565614879131317
1	0.3136675953865051
0	0.47550639510154724
0	0.3351592421531677
0	0.3219815790653229
0	0.33406752347946167
0	0.7096973061561584
0	0.6237210631370544
0	0.45257657766342163
0	0.36766207218170166
0	0.5111592411994934
0	0.5771840214729309
0	0.23186954855918884
0	0.47871339321136475
0	0.5889503359794617
0	0.6306701302528381
0	0.41653263568878174
0	0.5359839200973511
0	0.40816450119018555
0	0.2946673333644867
0	0.4288875460624695
0	0.4364829957485199
0	0.5210421681404114
0	0.695590615272522
0	0.4203971326351166
0	0.6131417155265808
0	0.4549063742160797
0	0.6662145853042603
0	0.5889826416969299
0	0.7040688395500183
0	0.5218093991279602
0	0.5454081892967224
0	0.7393272519111633
0	0.6567546129226685
0	0.6421390175819397
0	0.6266412138938904
0	0.5720802545547485
0	0.5034551620483398
1	0.42271190881729126
0	0.5268555283546448
1	0.4854981601238251
1	0.589206874370575
1	0.6588006615638733
1	0.6237918138504028
1	0.5650385022163391
0	0.3596869111061096
1	0.626541793346405
0	0.6019688844680786
1	0.7235086560249329
1	0.7816803455352783
1	0.528957724571228
0	0.4888230264186859
0	0.5074047446250916
0	0.6527958512306213
0	0.672665536403656
0	0.34983307123184204
0	0.44148895144462585
0	0.5044264793395996
0	0.3605666160583496
0	0.5191639065742493
0	0.6335573792457581
0	0.4663390815258026
0	0.5209166407585144
1	0.7685049176216125
0	0.662693202495575
0	0.7336793541908264
0	0.6427924036979675
0	0.600219190120697
0	0.6480372548103333
0	0.5124574303627014
0	0.27569273114204407
0	0.30809804797172546
0	0.3860969543457031
0	0.48294055461883545
0	0.25616350769996643
0	0.6054412722587585
0	0.5620558857917786
0	0.4913364052772522
0	0.49025991559028625
0	0.43538057804107666
0	0.3840283751487732
0	0.5045844912528992
0	0.6525220274925232
0	0.6285909414291382
0	0.37972933053970337
0	0.4423229694366455
0	0.38420185446739197
0	0.314446359872818
0	0.40368106961250305
1	0.4895693361759186
0	0.4775484800338745
0	0.5186468362808228
1	0.6322716474533081
1	0.6594575047492981
1	0.6797711253166199
1	0.6366760730743408
0	0.4066150188446045
0	0.4859078526496887
1	0.5681213140487671
0	0.4017173945903778
0	0.48117882013320923
0	0.4600834250450134
0	0.49594515562057495
0	0.5015696883201599
0	0.5369629859924316
0	0.7090163826942444
0	0.7018358707427979
0	0.7060360312461853
0	0.7429028153419495
0	0.6499388813972473
0	0.6889300346374512
0	0.6998398303985596
0	0.5597357153892517
0	0.46045079827308655
0	0.696629524230957
0	0.575107753276825
0	0.47158166766166687
0	0.5606984496116638
0	0.6596527099609375
0	0.4883854389190674
0	0.6389206051826477
0	0.6290708184242249
0	0.5854552388191223
0	0.4782785475254059
0	0.7989892363548279
0	0.735556960105896
0	0.5580639243125916
0	0.39917993545532227
0	0.5189685225486755
0	0.4250757098197937
0	0.37272921204566956
0	0.48821404576301575
0	0.6351549029350281
0	0.5019556879997253
0	0.7574644088745117
0	0.5516001582145691
0	0.36329394578933716
0	0.2944372594356537
1	0.44901278614997864
0	0.3864997625350952
1	0.4612739384174347
1	0.3011845648288727
0	0.4265349507331848
0	0.4259689450263977
0	0.5068597793579102
0	0.4438116252422333
0	0.6994525194168091
0	0.6102286577224731
0	0.4323371350765228
0	0.4379540979862213
0	0.5671631693840027
0	0.7450604438781738
0	0.7323736548423767
0	0.6647087931632996
0	0.7442848086357117
0	0.4987861216068268
0	0.37535324692726135
0	0.38449567556381226
0	0.3628734350204468
0	0.2611163556575775
0	0.2626160681247711
0	0.2256026566028595
0	0.3350124955177307
0	0.2048756629228592
0	0.3538758158683777
0	0.302765816450119
0	0.3871302306652069
0	0.31251949071884155
0	0.2379508763551712
0	0.3129281997680664
1	0.32350003719329834
1	0.39624887704849243
0	0.19691568613052368
0	0.1285157948732376
1	0.3191514313220978
1	0.3702336549758911
0	0.16378383338451385
1	0.4696289300918579
0	0.3013851046562195
1	0.30937209725379944
0	0.2172374427318573
0	0.3144620358943939
0	0.17551158368587494
0	0.2970326840877533
0	0.37322571873664856
0	0.3398917317390442
0	0.3880206048488617
0	0.446876585483551
0	0.28274744749069214
0	0.4528758227825165
0	0.40665027499198914
1	0.40296027064323425
0	0.3734229505062103
0	0.3774310350418091
0	0.4122805893421173
0	0.3330230712890625
0	0.31080305576324463
0	0.5054697394371033
0	0.37588000297546387
0	0.4928766191005707
0	0.5421000123023987
0	0.4282597601413727
0	0.5145706534385681
0	0.36061084270477295
0	0.41699910163879395
0	0.37984955310821533
0	0.3854133188724518
0	0.40710893273353577
0	0.3951302766799927
0	0.3956010639667511
0	0.3889569044113159
0	0.31961753964424133
0	0.4601525068283081
0	0.4682411849498749
0	0.4153246581554413
0	0.46177294850349426
0	0.36015745997428894
0	0.21305985748767853
0	0.3728852868080139
0	0.276314377784729
0	0.18283018469810486
0	0.267182856798172
0	0.39177411794662476
0	0.28800302743911743
0	0.2807835638523102
0	0.34782350063323975
0	0.3093976378440857
0	0.23265337944030762
0	0.21781882643699646
0	0.4392836391925812
0	0.3769492506980896
0	0.26700666546821594
0	0.32175731658935547
0	0.25132912397384644
0	0.46923011541366577
0	0.315938264131546
0	0.37233784794807434
0	0.43201878666877747
0	0.4767417013645172
0	0.4781705439090729
0	0.3179693818092346
0	0.3167850971221924
0	0.4089564383029938
0	0.2652759850025177
0	0.20614716410636902
0	0.36179035902023315
0	0.29203304648399353
0	0.23861992359161377
0	0.4143381714820862
0	0.37412598729133606
0	0.2503451704978943
0	0.5375176072120667
0	0.44088315963745117
0	0.32554036378860474
0	0.2714652121067047
0	0.34545403718948364
0	0.3372642993927002
0	0.4366420805454254
0	0.45753946900367737
0	0.34306034445762634
0	0.28140389919281006
0	0.3542730510234833
0	0.2921737730503082
0	0.3850642740726471
0	0.39899495244026184
0	0.414585143327713
0	0.3785093128681183
0	0.2776194214820862
0	0.2917371988296509
0	0.2845357060432434
0	0.3562740683555603
0	0.2821408808231354
0	0.33059951663017273
0	0.33259522914886475
0	0.42130047082901
0	0.37251991033554077
0	0.4351232051849365
0	0.4255666434764862
0	0.31043317914009094
0	0.16900980472564697
0	0.26586320996284485
0	0.24099090695381165
0	0.10923895239830017
0	0.30422738194465637
0	0.202705517411232
0	0.36762672662734985
0	0.2612892985343933
0	0.16747082769870758
0	0.1717018187046051
0	0.4471971392631531
0	0.3861005902290344
0	0.3646221458911896
0	0.37279531359672546
0	0.381837397813797
0	0.22937177121639252
0	0.33778440952301025
0	0.34829533100128174
0	0.15096472203731537
0	0.3074457347393036
0	0.16145093739032745
0	0.2306114137172699
0	0.2953087091445923
1	0.2773997485637665
1	0.25891005992889404
1	0.3412611186504364
1	0.21799547970294952
1	0.35173144936561584
1	0.36997470259666443
1	0.30176806449890137
0	0.35077521204948425
0	0.2506391406059265
1	0.47032180428504944
1	0.43969258666038513
0	0.34467217326164246
0	0.4202589690685272
0	0.444040983915329
0	0.35134145617485046
0	0.44037148356437683
0	0.29114842414855957
0	0.3950897455215454
0	0.3000028729438782
1	0.18398159742355347
0	0.2223823368549347
0	0.3642076551914215
1	0.2558433413505554
0	0.27253779768943787
0	0.3784641623497009
0	0.16499002277851105
0	0.32817739248275757
0	0.2613055109977722
0	0.3368562161922455
0	0.3849029242992401
0	0.2385251820087433
0	0.3474562168121338
0	0.2953345477581024
0	0.23539981245994568
0	0.4183330237865448
0	0.4195767343044281
0	0.17276525497436523
0	0.4003365933895111
0	0.2598918080329895
0	0.378478080034256
0	0.3100796639919281
0	0.3868727385997772
0	0.17905203998088837
0	0.3745812475681305
1	0.2520664632320404
0	0.34195423126220703
1	0.47579410672187805
1	0.38254857063293457
0	0.4623967707157135
0	0.32883867621421814
0	0.4676245450973511
0	0.49364545941352844
1	0.30377355217933655
0	0.35617613792419434
0	0.29599785804748535
0	0.25692954659461975
0	0.1551503837108612
1	0.30918020009994507
1	0.322916179895401
1	0.40554141998291016
1	0.34335803985595703
1	0.3165484368801117
0	0.32805484533309937
1	0.25881582498550415
0	0.1103687658905983
0	0.25316333770751953
0	0.22681137919425964
