0	0.648210346698761
0	0.6444056034088135
0	0.5560333132743835
0	0.5684677958488464
0	0.33858245611190796
0	0.5509080290794373
0	0.3701825737953186
0	0.3515450060367584
0	0.5026469230651855
0	0.33338242769241333
0	0.38313573598861694
0	0.3453446924686432
0	0.4274425506591797
0	0.2884366512298584
0	0.3389015197753906
0	0.33303147554397583
0	0.573645293712616
0	0.37054720520973206
0	0.4531170725822449
0	0.5745609402656555
0	0.2967430055141449
0	0.3734928071498871
0	0.31290483474731445
0	0.08757393807172775
0	0.14883752167224884
0	0.09603771567344666
0	0.16688783466815948
0	0.19175730645656586
0	0.21027107536792755
0	0.23245641589164734
0	0.258247435092926
0	0.5694385170936584
0	0.5612332224845886
0	0.6393855810165405
0	0.6560061573982239
1	0.7263873219490051
0	0.7122041583061218
1	0.7963777184486389
1	0.7588587999343872
0	0.6850751042366028
0	0.5778481364250183
1	0.5362098813056946
0	0.5329798460006714
0	0.4051126539707184
0	0.10493583232164383
0	0.14900211989879608
0	0.11080648750066757
0	0.35837259888648987
0	0.20985105633735657
0	0.21342769265174866
0	0.328237384557724
0	0.25900474190711975
0	0.518229067325592
0	0.35397323966026306
0	0.4636278450489044
0	0.36831220984458923
0	0.30563268065452576
1	0.4860784113407135
1	0.48819297552108765
1	0.4959467649459839
1	0.4310643970966339
1	0.6436927914619446
1	0.6153398156166077
1	0.6164929270744324
1	0.48965999484062195
0	0.6779934763908386
0	0.38391736149787903
0	0.27883362770080566
0	0.32446858286857605
0	0.27202022075653076
0	0.3113873302936554
0	0.19942229986190796
0	0.3872598111629486
0	0.3360547423362732
0	0.3427233397960663
0	0.4510580599308014
0	0.3062933087348938
1	0.5791161060333252
1	0.4181165397167206
1	0.39577704668045044
1	0.5896308422088623
0	0.5156954526901245
0	0.6506165266036987
1	0.6936385035514832
0	0.6811239123344421
1	0.6663241982460022
0	0.685464084148407
1	0.4598959684371948
0	0.28625115752220154
1	0.36404311656951904
0	0.23729848861694336
1	0.24705533683300018
0	0.2749679982662201
0	0.17127618193626404
0	0.30629438161849976
0	0.31957143545150757
0	0.43020156025886536
0	0.46906691789627075
0	0.15647770464420319
0	0.45062771439552307
0	0.4350048899650574
0	0.3316638171672821
0	0.5629494190216064
0	0.4918707609176636
0	0.40585944056510925
1	0.37146419286727905
0	0.5117776393890381
1	0.4313167929649353
0	0.35239386558532715
0	0.30059653520584106
0	0.4185429513454437
0	0.25620725750923157
0	0.2835235297679901
0	0.41321295499801636
0	0.31778115034103394
0	0.3579524755477905
0	0.5158605575561523
0	0.45387837290763855
0	0.567101776599884
0	0.5341196656227112
0	0.47921431064605713
0	0.38217800855636597
0	0.2505435347557068
0	0.3252686560153961
0	0.31874707341194153
0	0.15737727284431458
0	0.33049944043159485
0	0.14651216566562653
0	0.31728705763816833
0	0.4701744019985199
0	0.2910769581794739
0	0.22245191037654877
0	0.22940292954444885
0	0.2605109214782715
0	0.3477673828601837
0	0.4222854673862457
0	0.2853103578090668
0	0.40802139043807983
0	0.5440744757652283
0	0.6775002479553223
0	0.5390160083770752
0	0.5098085403442383
0	0.29213976860046387
0	0.2452063113451004
0	0.2949686646461487
0	0.24086208641529083
0	0.437263548374176
0	0.29601526260375977
0	0.22471390664577484
0	0.2992049753665924
0	0.3968546390533447
0	0.21943092346191406
0	0.37965548038482666
0	0.24940156936645508
0	0.5063270926475525
0	0.28594499826431274
0	0.2510069012641907
0	0.37302789092063904
0	0.281380295753479
0	0.49099618196487427
0	0.3970957398414612
0	0.5011042356491089
0	0.7008848786354065
0	0.7289760708808899
0	0.6662597060203552
0	0.6823245882987976
0	0.661730170249939
0	0.6877807378768921
0	0.7004533410072327
0	0.5721124410629272
0	0.22189009189605713
0	0.457999050617218
0	0.18495137989521027
0	0.22633282840251923
0	0.15713274478912354
0	0.07640411704778671
0	0.33988797664642334
0	0.2582015097141266
0	0.3267645835876465
0	0.23222616314888
0	0.33597806096076965
0	0.39652055501937866
0	0.6468262672424316
0	0.46544453501701355
0	0.5961973071098328
0	0.676555871963501
0	0.587899923324585
0	0.3307913541793823
0	0.3849058449268341
0	0.4119613766670227
0	0.275042861700058
0	0.2296973466873169
0	0.18178613483905792
0	0.29592248797416687
0	0.1881970316171646
0	0.3752898573875427
0	0.507522702217102
0	0.3875739872455597
0	0.2748100161552429
0	0.4820175766944885
0	0.3062742352485657
0	0.1749994456768036
0	0.32663020491600037
0	0.2225155383348465
0	0.39361661672592163
0	0.5164734125137329
0	0.48565977811813354
0	0.2968024015426636
0	0.4923155605792999
0	0.46637681126594543
0	0.6816865801811218
0	0.6609700322151184
0	0.7181788682937622
0	0.7206868529319763
0	0.621448814868927
0	0.6025407314300537
0	0.4074971675872803
0	0.28010520339012146
0	0.2597535252571106
0	0.23351062834262848
0	0.17602179944515228
0	0.3573717176914215
0	0.28240716457366943
0	0.2700772285461426
0	0.3491119146347046
0	0.2784291207790375
0	0.4131651520729065
0	0.5801759958267212
0	0.6758193969726562
0	0.4698605239391327
0	0.6651124358177185
0	0.4906295835971832
0	0.5167150497436523
0	0.4997275173664093
0	0.3642210066318512
0	0.23259402811527252
0	0.20000673830509186
0	0.3508823812007904
0	0.2087058573961258
0	0.3945119082927704
0	0.4829598069190979
0	0.43840447068214417
0	0.48745760321617126
0	0.4072892367839813
0	0.42388269305229187
0	0.4295387268066406
0	0.3353463113307953
0	0.5206950306892395
0	0.4926321804523468
0	0.6084050536155701
0	0.5017640590667725
0	0.6582926511764526
0	0.7266346216201782
0	0.6028932332992554
0	0.2485966682434082
0	0.48346880078315735
0	0.2962164580821991
0	0.2959742546081543
0	0.12538710236549377
0	0.32973113656044006
0	0.23040908575057983
0	0.1745012402534485
0	0.3086213171482086
0	0.4374338984489441
0	0.22508132457733154
0	0.2642810344696045
0	0.41343769431114197
0	0.3369799554347992
0	0.45150554180145264
0	0.38756847381591797
0	0.6218696236610413
0	0.5665414929389954
0	0.43275970220565796
0	0.450847864151001
0	0.4490944445133209
0	0.3498043715953827
0	0.3381316661834717
0	0.2540607750415802
0	0.3879609704017639
0	0.29919084906578064
0	0.3624371290206909
0	0.2218552529811859
0	0.3864534795284271
0	0.4916308522224426
0	0.5280163884162903
0	0.6923375129699707
0	0.6865338683128357
0	0.5856916308403015
0	0.7167004942893982
0	0.21628764271736145
0	0.5954212546348572
0	0.5516930818557739
0	0.4625793397426605
0	0.10821188986301422
0	0.48883163928985596
0	0.4587914049625397
0	0.2423975169658661
0	0.5795958042144775
0	0.4653300940990448
0	0.6783296465873718
0	0.20730294287204742
0	0.4789482355117798
0	0.5593858361244202
0	0.5788052082061768
0	0.6784099340438843
0	0.4947676360607147
0	0.6821295619010925
0	0.3262132704257965
0	0.6211094260215759
0	0.6492249369621277
1	0.6936014890670776
1	0.598694384098053
1	0.4497740864753723
1	0.7143884897232056
0	0.28341448307037354
0	0.4238457679748535
0	0.4658384919166565
0	0.37500640749931335
0	0.3233650326728821
0	0.2446644902229309
0	0.41895556449890137
0	0.6384587287902832
0	0.5212016105651855
0	0.07281681895256042
0	0.2030973881483078
0	0.4043787717819214
0	0.21576660871505737
0	0.0464409776031971
0	0.16905365884304047
0	0.10539153218269348
0	0.1245538741350174
0	0.41346296668052673
0	0.32051700353622437
1	0.6029435992240906
1	0.25564754009246826
1	0.4640272259712219
1	0.29542604088783264
1	0.5677112936973572
1	0.7039369344711304
0	0.26849135756492615
0	0.656051516532898
0	0.6866164803504944
0	0.3365388512611389
0	0.08055311441421509
0	0.3372841775417328
0	0.14684030413627625
0	0.2780536115169525
0	0.35003212094306946
0	0.41906940937042236
0	0.417057603597641
0	0.4631568491458893
0	0.5059031248092651
0	0.4219338297843933
0	0.4400763511657715
0	0.21026575565338135
0	0.2556992173194885
0	0.23398976027965546
0	0.3213452398777008
0	0.2284785360097885
0	0.5155025720596313
0	0.695286750793457
0	0.5650356411933899
0	0.6344737410545349
0	0.4612255096435547
0	0.4588235318660736
0	0.5544818639755249
0	0.666667640209198
0	0.6607267260551453
0	0.5964699387550354
0	0.5040759444236755
0	0.58383709192276
0	0.29634785652160645
0	0.6021928787231445
0	0.1257975995540619
0	0.42639869451522827
0	0.4258310794830322
0	0.49828049540519714
0	0.42652028799057007
0	0.5465719699859619
0	0.35188254714012146
0	0.38363945484161377
1	0.5878714323043823
1	0.483782023191452
1	0.544795572757721
1	0.62282794713974
0	0.451741099357605
0	0.455579549074173
0	0.4344497621059418
1	0.10549487173557281
0	0.37627363204956055
0	0.5455312132835388
0	0.2202301323413849
0	0.06590282917022705
1	0.40223178267478943
1	0.2921556234359741
0	0.4537990093231201
1	0.66973876953125
0	0.66096031665802
0	0.7313375473022461
1	0.723320484161377
1	0.6642398238182068
0	0.6317133903503418
1	0.6045405864715576
1	0.6608609557151794
0	0.4599650502204895
0	0.5728540420532227
0	0.18478761613368988
0	0.398809552192688
0	0.20549117028713226
0	0.39456039667129517
0	0.5551252961158752
0	0.517114520072937
0	0.5913377404212952
0	0.615826427936554
0	0.5144376754760742
0	0.5680628418922424
0	0.35871434211730957
0	0.4233890473842621
0	0.2729284167289734
0	0.3583800196647644
0	0.5103528499603271
0	0.5916301608085632
0	0.6738035678863525
0	0.3119781017303467
0	0.5894719362258911
0	0.6023264527320862
0	0.22071580588817596
0	0.32961270213127136
0	0.20946639776229858
0	0.26224538683891296
0	0.4038655161857605
0	0.48076605796813965
0	0.40690529346466064
0	0.6785675883293152
0	0.6781864762306213
0	0.5934177041053772
0	0.38485223054885864
0	0.2408960908651352
0	0.44780656695365906
0	0.6942373514175415
0	0.633756697177887
0	0.709449052810669
0	0.4531967341899872
0	0.7384498715400696
0	0.5157045125961304
0	0.7424899339675903
0	0.6329010128974915
0	0.6768182516098022
0	0.6498611569404602
0	0.7283114194869995
0	0.5115039348602295
0	0.626764178276062
0	0.34812650084495544
0	0.4493602514266968
0	0.47977736592292786
0	0.7073724865913391
0	0.5245787501335144
0	0.5035613775253296
0	0.6179054975509644
0	0.5775925517082214
0	0.11110548675060272
0	0.22966058552265167
0	0.5148531794548035
0	0.2180679440498352
0	0.08299122750759125
0	0.36880964040756226
0	0.1429159790277481
0	0.4478323757648468
0	0.6232609748840332
0	0.671551525592804
0	0.6912693381309509
0	0.7347461581230164
0	0.652600109577179
0	0.7075602412223816
0	0.3618931770324707
0	0.7301120758056641
0	0.4998306632041931
0	0.4321576952934265
0	0.6043853759765625
0	0.627595841884613
0	0.6197839975357056
0	0.5011481046676636
0	0.2698291838169098
0	0.5635187029838562
0	0.3438497483730316
0	0.36653655767440796
0	0.3218028247356415
0	0.3557368814945221
0	0.7210288643836975
0	0.19383417069911957
0	0.3521362543106079
0	0.40839913487434387
0	0.3182108700275421
1	0.30232295393943787
1	0.24487489461898804
0	0.2662833333015442
0	0.5549076795578003
1	0.46811652183532715
0	0.49384260177612305
1	0.28055039048194885
1	0.21476717293262482
1	0.4881909191608429
1	0.23318006098270416
1	0.012570480816066265
1	0.23592856526374817
0	0.45195162296295166
0	0.4666178822517395
0	0.6868451833724976
0	0.7738152742385864
0	0.7345374822616577
0	0.6623477935791016
0	0.6578584313392639
0	0.5291557908058167
0	0.4919499158859253
0	0.25060218572616577
0	0.6793622970581055
0	0.19429218769073486
1	0.32226794958114624
1	0.7430631518363953
1	0.5096980929374695
1	0.08710216730833054
0	0.40395987033843994
0	0.35107964277267456
1	0.6106396913528442
0	0.6032530069351196
0	0.6064009070396423
1	0.5585730671882629
1	0.2754981815814972
1	0.20626293122768402
1	0.16386784613132477
0	0.34806275367736816
1	0.3383963704109192
0	0.5233314037322998
0	0.19078364968299866
0	0.28838032484054565
0	0.23820915818214417
0	0.4997502565383911
0	0.4593146741390228
0	0.6060391068458557
0	0.4103448688983917
0	0.6544402837753296
0	0.49363335967063904
0	0.27507561445236206
0	0.3618975877761841
0	0.5840209126472473
0	0.49700090289115906
0	0.15487706661224365
0	0.41845643520355225
0	0.40103185176849365
0	0.2755362391471863
0	0.40524378418922424
0	0.35366290807724
0	0.5185720920562744
0	0.6101608276367188
0	0.6945914626121521
1	0.7256386876106262
0	0.6639035940170288
1	0.711232602596283
0	0.6712871193885803
0	0.49571123719215393
0	0.46675190329551697
0	0.23609955608844757
0	0.16089285910129547
0	0.3318469226360321
0	0.30767038464546204
0	0.4554467797279358
0	0.6570144295692444
0	0.6415976285934448
0	0.643887460231781
0	0.2493187040090561
0	0.4680612087249756
0	0.5454361438751221
0	0.39782553911209106
1	0.620378851890564
1	0.49231716990470886
0	0.7178406119346619
0	0.5030360221862793
0	0.270831823348999
0	0.23915138840675354
0	0.3597022593021393
0	0.2529616057872772
0	0.5845319628715515
0	0.4973978102207184
0	0.4311051070690155
0	0.47537317872047424
0	0.5521239042282104
1	0.675780177116394
1	0.743775486946106
0	0.35184451937675476
1	0.6206523180007935
1	0.6424404978752136
0	0.5880254507064819
0	0.6201882362365723
0	0.5154238343238831
0	0.4042186439037323
0	0.5818430185317993
0	0.7062041759490967
0	0.7584428191184998
0	0.7356531620025635
0	0.7004038095474243
0	0.7940950989723206
0	0.8008743524551392
0	0.7121323943138123
0	0.7403578758239746
0	0.7503688335418701
0	0.5869657397270203
0	0.7182486653327942
1	0.7011078596115112
0	0.6815720796585083
0	0.655418872833252
1	0.7641078233718872
0	0.7733194828033447
0	0.7041481733322144
1	0.775716245174408
1	0.790503203868866
0	0.7627955675125122
1	0.7415350079536438
1	0.747651994228363
1	0.49172210693359375
1	0.6840420365333557
1	0.7574711441993713
1	0.827926516532898
0	0.6031566858291626
0	0.6448006629943848
0	0.6137546300888062
0	0.640796959400177
0	0.5414718985557556
0	0.24642348289489746
1	0.7079526782035828
0	0.47209495306015015
0	0.48402443528175354
0	0.5784320831298828
0	0.6074270606040955
0	0.5740008354187012
0	0.4828029274940491
0	0.5715932250022888
0	0.7536761164665222
0	0.7633872032165527
0	0.6964413523674011
0	0.7140687108039856
0	0.7234936356544495
0	0.6257609128952026
0	0.6478745341300964
0	0.6943033933639526
0	0.45616450905799866
0	0.522567093372345
0	0.5098973512649536
0	0.29749834537506104
0	0.3847663104534149
0	0.48626866936683655
0	0.20494703948497772
0	0.44429877400398254
0	0.6962771415710449
0	0.5773370862007141
0	0.5070491433143616
0	0.7183982133865356
1	0.7341433167457581
0	0.3676988482475281
0	0.6909687519073486
0	0.7926687598228455
1	0.839475154876709
0	0.7672620415687561
0	0.7928994297981262
0	0.7324032187461853
0	0.5786988139152527
0	0.7124526500701904
0	0.6265539526939392
0	0.7573553919792175
0	0.5245819091796875
0	0.3403453826904297
0	0.7265392541885376
0	0.6578824520111084
0	0.4582385718822479
0	0.6213168501853943
0	0.6687816977500916
0	0.7239334583282471
0	0.7262516617774963
0	0.7103672623634338
0	0.7466480731964111
0	0.7559335827827454
0	0.7201359272003174
0	0.6216970086097717
0	0.5903056263923645
0	0.7610751986503601
0	0.40132495760917664
0	0.46785968542099
0	0.5002550482749939
1	0.34585481882095337
0	0.46765321493148804
1	0.6129682660102844
1	0.5410635471343994
0	0.5308728218078613
1	0.34208419919013977
0	0.34090450406074524
0	0.5631234645843506
0	0.6601347327232361
0	0.7027456164360046
0	0.7432297468185425
1	0.7581614851951599
1	0.6736077666282654
0	0.5411471128463745
1	0.5711634159088135
0	0.7212734818458557
0	0.2681427299976349
0	0.5579427480697632
0	0.449986070394516
0	0.4199867844581604
0	0.23532548546791077
0	0.19806209206581116
0	0.5581790804862976
0	0.42757585644721985
1	0.6298204660415649
0	0.7206010222434998
0	0.535108208656311
1	0.5150817036628723
1	0.7441854476928711
1	0.718079686164856
1	0.7280049920082092
1	0.5381538271903992
0	0.4527372717857361
0	0.6167734265327454
0	0.5192122459411621
0	0.47812873125076294
0	0.7236278653144836
0	0.5785372853279114
0	0.3550914525985718
0	0.6373904943466187
0	0.7071419358253479
0	0.5472992658615112
0	0.5686379671096802
0	0.45492541790008545
0	0.6279342174530029
0	0.6578148603439331
0	0.6834610104560852
0	0.7770530581474304
0	0.6585253477096558
0	0.6818564534187317
0	0.7853559255599976
0	0.6431595683097839
0	0.6125311255455017
0	0.44889160990715027
0	0.35866883397102356
0	0.3492873013019562
0	0.6011368632316589
0	0.3001919388771057
0	0.4698783755302429
0	0.7421930432319641
0	0.38455256819725037
0	0.41966477036476135
0	0.7602490186691284
0	0.45991435647010803
0	0.2974313199520111
0	0.5703624486923218
0	0.334812194108963
0	0.43628254532814026
0	0.30790644884109497
0	0.36258479952812195
0	0.3338334262371063
0	0.4669495224952698
0	0.23823541402816772
0	0.050393253564834595
0	0.42091256380081177
0	0.520496666431427
0	0.3032354712486267
0	0.3248750567436218
0	0.41841524839401245
0	0.2867337167263031
0	0.415638267993927
0	0.7271393537521362
0	0.5641210079193115
0	0.48006671667099
0	0.34316080808639526
0	0.4170769155025482
0	0.43391528725624084
0	0.399355411529541
0	0.7438895106315613
0	0.48518499732017517
0	0.19762837886810303
0	0.3935648798942566
0	0.23098081350326538
0	0.22885335981845856
0	0.4614487290382385
0	0.41449540853500366
0	0.30176693201065063
0	0.5023453831672668
0	0.6896991729736328
0	0.5928730964660645
0	0.43775513768196106
0	0.35363760590553284
0	0.41835781931877136
0	0.2883949875831604
0	0.6079849600791931
0	0.4491060674190521
0	0.43521833419799805
0	0.47385576367378235
0	0.336641788482666
0	0.6071096062660217
0	0.6859163045883179
0	0.6868424415588379
0	0.7067928314208984
0	0.6961254477500916
0	0.7368332147598267
0	0.76277756690979
0	0.7083023190498352
0	0.7011538743972778
0	0.7284430861473083
0	0.5632331967353821
0	0.5862080454826355
0	0.5078277587890625
0	0.644382119178772
0	0.5566689372062683
0	0.49938955903053284
0	0.4987318515777588
0	0.5589815378189087
0	0.6508377194404602
0	0.6834131479263306
0	0.6552020311355591
0	0.6226314902305603
0	0.6698663830757141
0	0.5525163412094116
0	0.5131195187568665
0	0.5345237255096436
0	0.34970954060554504
0	0.41076916456222534
0	0.48946547508239746
0	0.4653933048248291
0	0.48454511165618896
0	0.5050484538078308
0	0.514634907245636
1	0.6338646411895752
0	0.678627073764801
1	0.7270245552062988
1	0.6680293083190918
1	0.6310757398605347
0	0.6823088526725769
1	0.7017720341682434
1	0.6262280941009521
1	0.5227898359298706
1	0.6186182498931885
0	0.6483600735664368
1	0.6965965628623962
0	0.6744486093521118
0	0.6390896439552307
0	0.5577706098556519
0	0.6027675271034241
0	0.6858732104301453
0	0.6664843559265137
0	0.6432124376296997
0	0.7002097368240356
0	0.6915260553359985
0	0.7260462045669556
0	0.7111008763313293
0	0.7419695258140564
0	0.675740659236908
0	0.6128017902374268
0	0.6878411769866943
0	0.5953671336174011
0	0.5988219380378723
0	0.48201414942741394
0	0.6474629044532776
0	0.4776798188686371
1	0.7352712154388428
1	0.5362770557403564
1	0.5874821543693542
1	0.70555579662323
1	0.6857790350914001
1	0.7236363291740417
1	0.7235571146011353
1	0.7004678249359131
0	0.6688947677612305
0	0.5034486651420593
0	0.61765056848526
0	0.5277184844017029
0	0.5822502970695496
0	0.5066778659820557
0	0.6233105063438416
0	0.3827788233757019
0	0.4482438862323761
0	0.37751057744026184
0	0.5113725662231445
0	0.5119192600250244
0	0.677209734916687
0	0.5799000859260559
0	0.7190455794334412
0	0.6457332372665405
0	0.6021982431411743
0	0.7387822270393372
0	0.4949444830417633
0	0.4225243628025055
0	0.49907487630844116
0	0.5597397685050964
0	0.5609943270683289
0	0.410749226808548
0	0.28556740283966064
0	0.25413161516189575
0	0.5858979821205139
0	0.3434738516807556
0	0.40307530760765076
0	0.15912804007530212
0	0.18156930804252625
1	0.24813051521778107
0	0.5207559466362
1	0.5709365010261536
0	0.34631508588790894
0	0.2477862685918808
0	0.20777058601379395
1	0.3471723794937134
0	0.26309934258461
0	0.34011605381965637
0	0.21062175929546356
0	0.38171201944351196
0	0.10216131806373596
0	0.26511797308921814
0	0.1877325475215912
0	0.4904675781726837
0	0.5587145090103149
0	0.2892085015773773
0	0.5108197927474976
0	0.5447656512260437
0	0.7386530041694641
0	0.7076302170753479
0	0.6121215224266052
0	0.6856560111045837
0	0.6903119087219238
0	0.5781237483024597
0	0.4371064603328705
0	0.4704912006855011
0	0.3806159496307373
0	0.37418514490127563
0	0.3411865234375
0	0.3858271539211273
0	0.3578380346298218
0	0.4662284553050995
0	0.17923621833324432
0	0.37356922030448914
0	0.2637045979499817
0	0.2778586149215698
0	0.28811123967170715
0	0.28937849402427673
0	0.15070974826812744
0	0.21304315328598022
0	0.1864733099937439
1	0.25338274240493774
1	0.15732325613498688
1	0.38654449582099915
1	0.6562922596931458
1	0.6330887079238892
0	0.6031675338745117
1	0.3186115026473999
1	0.34262287616729736
1	0.19811862707138062
0	0.3696165680885315
0	0.18644994497299194
0	0.39950042963027954
0	0.40137913823127747
0	0.25659433007240295
0	0.4528830945491791
0	0.5557126998901367
0	0.46080952882766724
0	0.40002334117889404
0	0.3969572186470032
0	0.4301980435848236
0	0.2043532133102417
0	0.2321859747171402
0	0.21945486962795258
1	0.3516938090324402
1	0.22424104809761047
1	0.5121971964836121
1	0.4689696431159973
0	0.6206939220428467
0	0.4133189022541046
0	0.4361213743686676
0	0.3315006196498871
0	0.5171361565589905
0	0.5853406190872192
0	0.49671849608421326
0	0.3959619700908661
0	0.6239367723464966
0	0.4229487478733063
0	0.4017077684402466
0	0.2750871181488037
0	0.44771823287010193
0	0.5641806721687317
0	0.6007683873176575
0	0.7433173656463623
0	0.7264508605003357
0	0.6698960661888123
0	0.3421410620212555
0	0.3716447949409485
0	0.4274927079677582
0	0.40969401597976685
0	0.4279903769493103
0	0.5176656246185303
0	0.5550976395606995
0	0.5909357070922852
0	0.5389723777770996
0	0.5008244514465332
0	0.5640050172805786
0	0.5065612196922302
0	0.5171969532966614
0	0.5517442226409912
0	0.5185518264770508
0	0.35277989506721497
0	0.6724245548248291
0	0.5047492384910583
1	0.5117360949516296
1	0.594916582107544
1	0.4662182033061981
0	0.631824254989624
0	0.6388745307922363
0	0.47365134954452515
0	0.42341917753219604
0	0.40789130330085754
0	0.592399537563324
0	0.4083571434020996
0	0.5329400897026062
0	0.27803197503089905
0	0.5226171016693115
0	0.3766647279262543
0	0.6143703460693359
0	0.3889741897583008
0	0.39385825395584106
0	0.3130277991294861
0	0.2212849110364914
0	0.38277244567871094
0	0.37117764353752136
0	0.5799645781517029
0	0.5159835815429688
0	0.6215057969093323
0	0.3163723945617676
1	0.5159529447555542
1	0.5009812116622925
1	0.4247449040412903
1	0.2823958694934845
0	0.3894599378108978
0	0.4632438123226166
0	0.4964199662208557
1	0.5077592134475708
1	0.7394571900367737
1	0.5851441621780396
0	0.5132586359977722
0	0.6214801073074341
0	0.6150448322296143
0	0.5319194793701172
0	0.5458346009254456
0	0.5426121354103088
0	0.5335515141487122
0	0.7194862961769104
0	0.33014488220214844
0	0.6219189763069153
0	0.3556690514087677
0	0.6513851284980774
0	0.4989989101886749
0	0.5187683701515198
0	0.5070412158966064
0	0.5938088297843933
0	0.68635493516922
0	0.764808714389801
0	0.4203624725341797
0	0.6506398320198059
0	0.6198590993881226
0	0.6285070180892944
1	0.5737940669059753
1	0.5144060850143433
0	0.28121504187583923
0	0.5063740015029907
0	0.725123941898346
0	0.6787541508674622
0	0.6752434968948364
1	0.7951902747154236
1	0.8336618542671204
0	0.7142106294631958
0	0.7284368872642517
0	0.7391668558120728
0	0.6493754386901855
0	0.6786581873893738
0	0.6724094748497009
0	0.7233228087425232
0	0.7738997340202332
0	0.829313337802887
0	0.7842974066734314
0	0.6952512264251709
0	0.8006631731987
0	0.7737551927566528
0	0.7380082011222839
0	0.7858319282531738
0	0.7295639514923096
0	0.3980523645877838
0	0.6372302770614624
0	0.7596615552902222
0	0.8176934719085693
0	0.7163695693016052
0	0.47148385643959045
0	0.3271527886390686
0	0.5743275880813599
0	0.40405893325805664
0	0.24936699867248535
0	0.7383515238761902
1	0.43338191509246826
0	0.488842636346817
1	0.728914737701416
0	0.6319406032562256
0	0.5297585129737854
1	0.5385356545448303
1	0.4994073510169983
1	0.7841065526008606
1	0.8110472559928894
1	0.8119895458221436
0	0.7190865874290466
1	0.7634831070899963
1	0.5591253042221069
1	0.7516529560089111
1	0.6499239802360535
1	0.5560532212257385
0	0.32369494438171387
0	0.3276578187942505
0	0.3438032865524292
0	0.528002917766571
0	0.3906681537628174
0	0.6313384771347046
0	0.55403733253479
0	0.5825676918029785
0	0.7122646570205688
0	0.8078073263168335
0	0.48674726486206055
0	0.7197645902633667
0	0.7967873811721802
0	0.8549507856369019
0	0.7757948040962219
0	0.8059409856796265
0	0.7265840768814087
0	0.6619243621826172
0	0.6974959969520569
0	0.5501477122306824
1	0.7457281947135925
0	0.3026914596557617
0	0.4785667955875397
0	0.24058768153190613
1	0.4771532416343689
1	0.6587768793106079
1	0.4533371031284332
1	0.5051172971725464
0	0.6218487620353699
1	0.671482264995575
1	0.6862602233886719
1	0.7254505157470703
1	0.7632962465286255
1	0.720005452632904
1	0.5517640709877014
1	0.42996761202812195
1	0.49270835518836975
1	0.34107962250709534
1	0.522102415561676
1	0.5220110416412354
0	0.30614909529685974
1	0.457978755235672
0	0.2421674281358719
0	0.3309231698513031
0	0.4529321491718292
0	0.32501208782196045
0	0.5628754496574402
0	0.5208696722984314
0	0.31166526675224304
0	0.6575927138328552
0	0.43874940276145935
0	0.5351530313491821
0	0.6286559700965881
0	0.605198860168457
0	0.27684611082077026
0	0.25717103481292725
0	0.5025362372398376
0	0.09023751318454742
0	0.23377829790115356
0	0.18549534678459167
0	0.2922804057598114
0	0.20546680688858032
0	0.28682592511177063
0	0.10265478491783142
0	0.5794667601585388
0	0.24355117976665497
0	0.37552547454833984
1	0.5693917274475098
0	0.3014177680015564
0	0.6074464321136475
0	0.4720536172389984
0	0.47125354409217834
1	0.48662200570106506
1	0.7381963729858398
1	0.40473148226737976
1	0.7265278697013855
1	0.6445876955986023
0	0.1272403448820114
0	0.16118581593036652
0	0.5101653337478638
0	0.5780866146087646
0	0.5714889764785767
1	0.4395575523376465
0	0.3123944401741028
0	0.5824118256568909
0	0.43883007764816284
1	0.7283933758735657
0	0.7026070356369019
1	0.736439049243927
1	0.679759681224823
0	0.3383667469024658
0	0.568038821220398
0	0.47961530089378357
0	0.47071462869644165
0	0.5239496827125549
0	0.7084428668022156
0	0.6557743549346924
0	0.6203401684761047
0	0.6175241470336914
0	0.49605152010917664
0	0.4411395788192749
0	0.6813685894012451
0	0.2440260350704193
0	0.44129014015197754
0	0.39956164360046387
0	0.40396836400032043
0	0.5828147530555725
0	0.26181432604789734
0	0.47268790006637573
0	0.5320926308631897
0	0.3469651937484741
0	0.2368713915348053
0	0.14308062195777893
0	0.33851414918899536
0	0.10961256921291351
0	0.3388175070285797
0	0.11192435026168823
0	0.4751644432544708
0	0.46134549379348755
0	0.4430435597896576
0	0.44413721561431885
0	0.2706822454929352
0	0.4401097595691681
0	0.12729988992214203
0	0.3550380766391754
0	0.364045649766922
0	0.32647642493247986
0	0.29610204696655273
1	0.5583254098892212
1	0.6922683119773865
1	0.5480058789253235
1	0.7808964252471924
1	0.7711707949638367
1	0.6601316928863525
1	0.7560237050056458
0	0.633121907711029
1	0.6664356589317322
0	0.41340380907058716
0	0.5441203117370605
0	0.17374421656131744
0	0.43003833293914795
0	0.03405029699206352
0	0.4687473475933075
0	0.3044286072254181
0	0.6032267212867737
0	0.47214341163635254
0	0.6214579939842224
0	0.33933350443840027
0	0.44740110635757446
0	0.6412721276283264
0	0.6768551468849182
0	0.6711437106132507
0	0.5393416881561279
1	0.4555355906486511
1	0.2832947373390198
1	0.3958396911621094
1	0.5011572241783142
0	0.2049950212240219
0	0.3996128737926483
0	0.4427103102207184
0	0.3948921859264374
0	0.7153046727180481
0	0.6165708899497986
0	0.7446054816246033
0	0.724418044090271
0	0.7347649335861206
0	0.7125644683837891
0	0.5008741021156311
0	0.31319621205329895
0	0.5897241234779358
0	0.26842981576919556
1	0.5209947228431702
1	0.6562221050262451
1	0.49122846126556396
1	0.1868075579404831
0	0.2935689091682434
0	0.2574947774410248
0	0.33423933386802673
0	0.3685433268547058
0	0.4860582947731018
0	0.6021001935005188
0	0.330140084028244
0	0.3954797089099884
1	0.311537504196167
1	0.293385773897171
1	0.3614390194416046
1	0.29250508546829224
1	0.44371190667152405
1	0.46669021248817444
0	0.4680277407169342
1	0.3081444501876831
0	0.4341926872730255
1	0.6137783527374268
1	0.5216886401176453
0	0.4706021845340729
0	0.4729478657245636
1	0.5303351283073425
0	0.4792335629463196
0	0.20586666464805603
0	0.26624050736427307
0	0.486019492149353
0	0.2423168271780014
0	0.06484930217266083
0	0.4432448744773865
0	0.4466206729412079
0	0.4238993227481842
0	0.6471792459487915
0	0.6902783513069153
0	0.7171055674552917
0	0.7608924508094788
0	0.7201983332633972
0	0.72519850730896
0	0.5545110106468201
0	0.677600622177124
0	0.38301047682762146
0	0.14418943226337433
0	0.5749731063842773
0	0.222023144364357
0	0.4213760495185852
0	0.7609407901763916
0	0.6001476645469666
0	0.2668830454349518
0	0.6761744022369385
0	0.358979195356369
0	0.5375943779945374
0	0.6827080845832825
0	0.39586499333381653
0	0.46502256393432617
0	0.25572001934051514
0	0.40917307138442993
0	0.3906741738319397
0	0.429932177066803
0	0.26635950803756714
0	0.3683084547519684
0	0.4092365503311157
0	0.35184675455093384
0	0.5097675323486328
0	0.37101665139198303
0	0.47384700179100037
0	0.5046833157539368
0	0.609000563621521
0	0.48975038528442383
0	0.4596812427043915
0	0.5359677672386169
0	0.6547368764877319
0	0.6671576499938965
0	0.7052271962165833
0	0.6330370306968689
0	0.6894217133522034
0	0.5821731090545654
0	0.6839278936386108
0	0.6976357698440552
0	0.697266161441803
0	0.5751726627349854
0	0.6822426319122314
0	0.6370648741722107
0	0.5965472459793091
0	0.5792832970619202
0	0.5612240433692932
0	0.5259766578674316
0	0.4591188430786133
0	0.606602668762207
0	0.5729528665542603
0	0.5596329569816589
0	0.4988800883293152
0	0.33290305733680725
0	0.46453332901000977
0	0.48228907585144043
0	0.6275433897972107
0	0.5526982545852661
0	0.5444430112838745
0	0.49709856510162354
0	0.6502819061279297
0	0.5109657645225525
0	0.6920281648635864
0	0.5372510552406311
0	0.5997349619865417
0	0.6182569265365601
0	0.6072738170623779
0	0.470592737197876
0	0.3973501920700073
0	0.3491726219654083
0	0.5961165428161621
0	0.5036010146141052
0	0.616599977016449
0	0.6254730820655823
0	0.7186639904975891
0	0.6608124375343323
0	0.6989256143569946
1	0.7286397218704224
1	0.6904195547103882
1	0.6886908411979675
1	0.5780499577522278
1	0.5582811832427979
1	0.6735754609107971
1	0.6223046183586121
1	0.6957473754882812
1	0.6920929551124573
0	0.6724462509155273
0	0.6375335454940796
0	0.6673282980918884
0	0.7076430916786194
0	0.6966602802276611
1	0.6667502522468567
1	0.5507153272628784
1	0.5644612908363342
0	0.5948330163955688
1	0.5059820413589478
0	0.5587103962898254
0	0.5931165218353271
0	0.5438294410705566
0	0.5064043402671814
0	0.648674726486206
0	0.6621571183204651
0	0.6222935318946838
0	0.6533396244049072
0	0.5906425714492798
0	0.5102168321609497
0	0.6790538430213928
0	0.5554862022399902
0	0.66545569896698
0	0.6781368851661682
0	0.6545686721801758
0	0.5823392271995544
0	0.687604546546936
0	0.5972232818603516
0	0.4559136629104614
0	0.5039494037628174
0	0.3766805827617645
1	0.4654734432697296
1	0.4119839668273926
1	0.4512564241886139
1	0.5550750494003296
0	0.6737868189811707
0	0.5838484764099121
0	0.48536157608032227
0	0.4486296772956848
0	0.5520816445350647
0	0.4007628560066223
0	0.6399944424629211
0	0.6816320419311523
0	0.6434492468833923
0	0.5457611680030823
0	0.6210635900497437
0	0.6880708932876587
0	0.6988913416862488
0	0.6656829714775085
0	0.7024220824241638
0	0.7349777221679688
0	0.6915812492370605
0	0.7029247283935547
0	0.6907732486724854
0	0.6361377835273743
0	0.6607394218444824
0	0.6303379535675049
0	0.6343899369239807
0	0.5846163034439087
0	0.4542907774448395
1	0.6498835682868958
1	0.6543428897857666
1	0.6408501863479614
1	0.6476297378540039
1	0.6050799489021301
1	0.6784173846244812
1	0.5287703275680542
1	0.6664578914642334
0	0.5588077902793884
0	0.5785840749740601
0	0.5724551677703857
0	0.6162025332450867
0	0.5984614491462708
1	0.611753523349762
1	0.6325988173484802
1	0.505035400390625
1	0.6135135293006897
1	0.5544360280036926
0	0.413156121969223
0	0.6382327079772949
0	0.5363343358039856
0	0.6674200296401978
0	0.6765612959861755
0	0.677362859249115
0	0.6044756174087524
0	0.5965386629104614
1	0.6561425924301147
1	0.6219614744186401
1	0.6724745631217957
1	0.6895564794540405
0	0.6017218828201294
0	0.5849213004112244
0	0.5644010901451111
0	0.5500450134277344
0	0.5037618279457092
0	0.4849145710468292
0	0.5771798491477966
0	0.5455211997032166
0	0.5709598660469055
0	0.6435503363609314
0	0.5589848756790161
0	0.5293611288070679
0	0.5517166256904602
0	0.4723210632801056
0	0.507033109664917
0	0.5435889363288879
0	0.43711695075035095
0	0.5917683243751526
0	0.5679758787155151
0	0.6559433937072754
0	0.6280088424682617
0	0.48580506443977356
0	0.6037883758544922
0	0.4570559859275818
0	0.6656455993652344
0	0.6741818785667419
0	0.6252555251121521
0	0.6022167205810547
0	0.589646577835083
0	0.5318825244903564
0	0.5806304812431335
0	0.6439722776412964
0	0.566663920879364
0	0.565791666507721
0	0.68001788854599
0	0.49709221720695496
0	0.5186615586280823
0	0.675881564617157
0	0.6065878868103027
0	0.7099897861480713
0	0.6959937810897827
0	0.6272055506706238
0	0.6626353859901428
0	0.6984573006629944
0	0.6345134377479553
0	0.7241442203521729
0	0.6691887974739075
0	0.6979740858078003
0	0.6854522228240967
0	0.7050331234931946
0	0.6920309066772461
0	0.7150707840919495
0	0.7138774394989014
0	0.6864635348320007
0	0.6958481669425964
0	0.6925368905067444
0	0.678128719329834
0	0.5516641139984131
0	0.6058000922203064
0	0.6441150307655334
0	0.6445503830909729
0	0.5938505530357361
0	0.6303219199180603
0	0.7035872936248779
0	0.6904053092002869
0	0.6713156700134277
0	0.6261395215988159
0	0.6734837293624878
0	0.6671239733695984
0	0.6013743281364441
0	0.5768198370933533
0	0.6817041635513306
0	0.6665054559707642
0	0.4528895616531372
0	0.6165741086006165
0	0.6564575433731079
0	0.5082883238792419
0	0.5760030746459961
0	0.6716030240058899
0	0.6195715069770813
0	0.6050348877906799
0	0.6800023317337036
0	0.6796663999557495
0	0.6588021516799927
0	0.6898643970489502
0	0.5045572519302368
0	0.6303454041481018
0	0.5818948745727539
0	0.6841781139373779
0	0.6438866257667542
0	0.691909909248352
0	0.4877634346485138
0	0.4379589557647705
0	0.5518958568572998
0	0.4277917742729187
0	0.606163740158081
0	0.5590711236000061
0	0.5334194898605347
0	0.5497609972953796
0	0.53789222240448
0	0.5686807036399841
0	0.5752080082893372
0	0.5188193321228027
0	0.5041220784187317
0	0.699070930480957
0	0.5147138833999634
0	0.7130034565925598
0	0.7023094296455383
0	0.5495615601539612
0	0.7166314125061035
0	0.677682638168335
0	0.5945966243743896
0	0.6398364901542664
0	0.5143789649009705
0	0.6274349093437195
0	0.48351627588272095
0	0.4330609142780304
0	0.5811711549758911
0	0.544471800327301
0	0.6533496975898743
0	0.5732975006103516
0	0.5294296145439148
0	0.6613245010375977
0	0.6734068989753723
0	0.5308112502098083
1	0.30037012696266174
0	0.5068492293357849
1	0.3205312490463257
0	0.23767602443695068
0	0.28362980484962463
1	0.21566642820835114
0	0.10049636662006378
1	0.18417800962924957
0	0.3148374557495117
1	0.2859745919704437
1	0.2903100848197937
1	0.3243224322795868
0	0.454302042722702
0	0.6761558055877686
1	0.6882413625717163
0	0.5311237573623657
0	0.45018869638442993
0	0.44414466619491577
1	0.5471944212913513
1	0.5339173078536987
1	0.3866260349750519
1	0.4708980619907379
1	0.6720808744430542
1	0.7031588554382324
1	0.6613606214523315
1	0.6447456479072571
1	0.607074499130249
1	0.1485937237739563
0	0.14026251435279846
0	0.15864919126033783
0	0.2795434594154358
0	0.384662926197052
0	0.3410232961177826
0	0.4634546935558319
0	0.49058958888053894
0	0.4865300953388214
0	0.2980314791202545
0	0.491171270608902
0	0.5921395421028137
0	0.3569784462451935
0	0.5863860845565796
0	0.5232771635055542
0	0.41687339544296265
0	0.5964133143424988
0	0.6064559817314148
0	0.5926228761672974
0	0.543168306350708
0	0.6867133378982544
0	0.6795104742050171
0	0.7192532420158386
0	0.6991662383079529
0	0.6874427795410156
0	0.6273425817489624
0	0.6142203211784363
0	0.6352757811546326
0	0.616872251033783
0	0.7057000398635864
0	0.7046348452568054
0	0.7065923810005188
0	0.6995724439620972
0	0.7043477296829224
0	0.6889294981956482
0	0.6456964612007141
0	0.7182633280754089
0	0.469577431678772
0	0.4162864685058594
0	0.3068424165248871
0	0.4390418827533722
0	0.38751327991485596
0	0.4111732244491577
0	0.3528963625431061
0	0.36238253116607666
0	0.5542512536048889
0	0.3597334027290344
0	0.25195857882499695
0	0.3191182613372803
0	0.441854327917099
0	0.25514841079711914
0	0.2113354653120041
0	0.20816396176815033
0	0.3151668906211853
0	0.31704866886138916
1	0.3354031443595886
0	0.3353717029094696
1	0.2767067551612854
0	0.20179995894432068
0	0.3427061140537262
0	0.31452497839927673
0	0.286716103553772
0	0.26494720578193665
0	0.19871430099010468
0	0.2631338834762573
0	0.3306681513786316
0	0.383380651473999
0	0.4331265687942505
0	0.7389796376228333
0	0.7102505564689636
0	0.47892865538597107
0	0.46188920736312866
0	0.5010151267051697
0	0.33092746138572693
0	0.5416984558105469
0	0.48131564259529114
1	0.6490074396133423
0	0.45055636763572693
1	0.5174431800842285
0	0.28580644726753235
0	0.43125268816947937
0	0.3593026101589203
0	0.3470946252346039
0	0.2708486318588257
0	0.2784915566444397
0	0.3039107918739319
0	0.21773836016654968
0	0.3509146571159363
0	0.27673211693763733
0	0.4982738792896271
0	0.4504929184913635
0	0.4964434802532196
0	0.6569498181343079
0	0.43783241510391235
0	0.5237550735473633
0	0.440875381231308
0	0.2469855695962906
0	0.1412867158651352
0	0.14179958403110504
0	0.17887264490127563
0	0.36274877190589905
0	0.2498053014278412
0	0.3432329595088959
0	0.3354172110557556
0	0.42981207370758057
0	0.39070963859558105
0	0.34918662905693054
0	0.4383426606655121
0	0.4092581570148468
0	0.29105475544929504
0	0.531484842300415
0	0.47086507081985474
0	0.6646799445152283
0	0.648737907409668
0	0.7142997980117798
0	0.6937893033027649
0	0.6193316578865051
0	0.5167533159255981
0	0.3483610451221466
0	0.2562010586261749
0	0.29091212153434753
0	0.19693437218666077
0	0.23658692836761475
0	0.18338631093502045
0	0.3425641357898712
0	0.5619980692863464
0	0.41233718395233154
0	0.3475111424922943
0	0.40640732645988464
0	0.5102671980857849
0	0.22184835374355316
0	0.29812100529670715
0	0.3653455376625061
0	0.3481178879737854
0	0.4278005361557007
0	0.4086397886276245
0	0.4529174864292145
0	0.45233866572380066
0	0.5715829730033875
0	0.39334338903427124
0	0.4887758195400238
0	0.38751220703125
0	0.5788455605506897
0	0.3453640341758728
0	0.4113076627254486
0	0.4057384431362152
1	0.4440605640411377
1	0.4501936137676239
0	0.5363844633102417
0	0.38003093004226685
0	0.44498106837272644
0	0.3171685039997101
0	0.3243095278739929
0	0.30296531319618225
0	0.25122568011283875
1	0.20285606384277344
0	0.28506094217300415
0	0.1715659201145172
0	0.4139966070652008
0	0.38112714886665344
0	0.4734119474887848
0	0.6982918381690979
0	0.4282306134700775
0	0.7007972002029419
0	0.4697646498680115
0	0.6898103356361389
0	0.4412786364555359
0	0.6766132712364197
0	0.6741671562194824
0	0.6399952173233032
0	0.6673633456230164
0	0.3527989685535431
0	0.7088274359703064
0	0.4116038680076599
0	0.5578621029853821
0	0.4118857979774475
0	0.38449856638908386
0	0.3469115197658539
0	0.5043613910675049
0	0.5261003375053406
0	0.6169695258140564
0	0.3866550028324127
0	0.6696506142616272
0	0.24573801457881927
0	0.40935274958610535
0	0.5548380613327026
1	0.32465270161628723
1	0.4856656789779663
1	0.413040429353714
1	0.5068289637565613
1	0.6123480796813965
0	0.6365817785263062
0	0.3969884216785431
0	0.3727537989616394
0	0.44691571593284607
0	0.4955197870731354
0	0.5572154521942139
1	0.6086073517799377
1	0.4759218394756317
1	0.7155467867851257
1	0.7186161279678345
1	0.7549382448196411
1	0.7400960326194763
0	0.7106540203094482
1	0.7509722113609314
0	0.6846809387207031
0	0.6810869574546814
0	0.6189711689949036
0	0.5953445434570312
0	0.514861524105072
0	0.4970608651638031
1	0.5399718284606934
0	0.6220512390136719
0	0.5133057832717896
1	0.2932707965373993
0	0.45806512236595154
0	0.4504987895488739
0	0.28087887167930603
0	0.37343788146972656
0	0.3999786376953125
0	0.3445052206516266
0	0.47994086146354675
0	0.23503980040550232
0	0.45263248682022095
0	0.7361016869544983
0	0.6530128121376038
0	0.10325343161821365
0	0.6922988891601562
0	0.1635340303182602
0	0.662241518497467
1	0.660274088382721
1	0.4021930396556854
0	0.5038883686065674
0	0.6277727484703064
0	0.6697339415550232
0	0.5228826999664307
0	0.7040004730224609
0	0.47641733288764954
0	0.7001523375511169
0	0.5523035526275635
0	0.14127327501773834
0	0.4466418921947479
0	0.331668883562088
0	0.5244457721710205
0	0.5083152651786804
0	0.5509487986564636
0	0.658236563205719
0	0.674274206161499
0	0.7018305063247681
0	0.7178121209144592
0	0.6963170766830444
0	0.6675644516944885
0	0.6357161402702332
0	0.621794581413269
0	0.7752130031585693
0	0.6420886516571045
0	0.7436909675598145
0	0.6899949312210083
0	0.6929793953895569
0	0.538952648639679
0	0.4752906858921051
0	0.5216892957687378
0	0.5945987701416016
0	0.7373611330986023
1	0.6759541034698486
1	0.6867167949676514
0	0.602889358997345
1	0.7623274922370911
0	0.5610260367393494
0	0.7438828945159912
0	0.7219851016998291
0	0.718129575252533
0	0.3768513798713684
0	0.7802257537841797
0	0.6491720080375671
0	0.7406659126281738
0	0.6336827874183655
0	0.49237993359565735
0	0.07410326600074768
0	0.4542246460914612
0	0.4443483054637909
0	0.4872458577156067
0	0.4088388681411743
0	0.32535311579704285
0	0.34176480770111084
0	0.40240365266799927
0	0.30742043256759644
0	0.2572173476219177
0	0.5070033669471741
0	0.4538363814353943
0	0.46575847268104553
1	0.5632762312889099
1	0.507681667804718
1	0.29511597752571106
1	0.5694972276687622
1	0.6566071510314941
1	0.5838947296142578
1	0.7538400292396545
0	0.729152500629425
1	0.7458338141441345
0	0.3538961410522461
0	0.5933717489242554
0	0.4447258412837982
0	0.6382478475570679
0	0.16065964102745056
0	0.27307385206222534
0	0.2092025727033615
0	0.2650216519832611
0	0.19924674928188324
0	0.252300888299942
0	0.1907864212989807
0	0.17142584919929504
0	0.25141626596450806
0	0.2051706314086914
0	0.29022303223609924
0	0.3856569528579712
0	0.17949408292770386
0	0.2885010540485382
0	0.38877034187316895
0	0.5515400767326355
0	0.5764983892440796
0	0.6261120438575745
0	0.5664306879043579
0	0.4907430112361908
0	0.45490211248397827
0	0.3091083765029907
0	0.3744978606700897
0	0.3281577527523041
0	0.22256602346897125
0	0.4608285129070282
0	0.42903098464012146
0	0.36453357338905334
1	0.34217071533203125
0	0.22107477486133575
1	0.5105090141296387
0	0.49667346477508545
1	0.6331861615180969
1	0.6770765781402588
1	0.3448423147201538
0	0.31721457839012146
0	0.33604419231414795
0	0.3828043043613434
0	0.4165714681148529
0	0.26940062642097473
0	0.42888393998146057
0	0.3511568009853363
0	0.19661933183670044
0	0.37934818863868713
0	0.4326235055923462
0	0.16394150257110596
0	0.20639139413833618
0	0.3592163026332855
0	0.3950088620185852
0	0.2984907329082489
0	0.40597331523895264
0	0.3251974880695343
0	0.482357382774353
0	0.39384186267852783
0	0.34665820002555847
0	0.5249446034431458
0	0.386317640542984
0	0.3621336817741394
0	0.4510318636894226
0	0.3992852568626404
0	0.46149519085884094
0	0.45900338888168335
0	0.5328727960586548
0	0.6128670573234558
0	0.4204297661781311
0	0.25449812412261963
0	0.1881825476884842
0	0.2875693142414093
0	0.14778979122638702
1	0.2936910092830658
0	0.23812466859817505
0	0.27025628089904785
0	0.3521113097667694
1	0.5272918343544006
1	0.6196619272232056
1	0.5000438094139099
0	0.3508521318435669
0	0.2776866555213928
0	0.5038880705833435
0	0.2628426253795624
0	0.41422760486602783
0	0.3145020604133606
0	0.2999633550643921
0	0.23047730326652527
0	0.2729342579841614
0	0.4690892696380615
0	0.3008825480937958
0	0.63138747215271
0	0.5527758598327637
0	0.291189044713974
0	0.6248577237129211
0	0.37780049443244934
0	0.3130912780761719
0	0.5176005959510803
0	0.41729459166526794
0	0.4752289950847626
0	0.5424704551696777
0	0.2949317991733551
0	0.4129059910774231
0	0.6152589321136475
0	0.5707628130912781
0	0.33142632246017456
0	0.3356800377368927
0	0.7360154986381531
0	0.5176598429679871
0	0.3172493577003479
0	0.5286675095558167
0	0.3778141140937805
0	0.23298804461956024
0	0.25073325634002686
0	0.37116584181785583
0	0.4358934462070465
0	0.3329821228981018
0	0.5122870802879333
0	0.3722202479839325
0	0.22335095703601837
0	0.3170665502548218
0	0.285086065530777
0	0.39894360303878784
0	0.35247737169265747
0	0.4231381118297577
0	0.3777589499950409
0	0.37285828590393066
0	0.3913087546825409
0	0.4458335041999817
1	0.31578248739242554
1	0.2648630738258362
0	0.26212310791015625
1	0.36499056220054626
0	0.5550934076309204
0	0.4141569435596466
0	0.3406984508037567
0	0.507429838180542
0	0.6653455495834351
0	0.6143646240234375
0	0.45340749621391296
0	0.3784434497356415
0	0.439423143863678
0	0.5872354507446289
0	0.2812786102294922
0	0.3780170679092407
0	0.47882193326950073
0	0.42322516441345215
0	0.2917703092098236
0	0.4567955434322357
0	0.3081416189670563
0	0.32508528232574463
0	0.37400442361831665
0	0.3771699070930481
0	0.47885286808013916
0	0.6604418754577637
0	0.3309279680252075
0	0.4722079634666443
0	0.39253467321395874
0	0.6356516480445862
0	0.5384026765823364
0	0.5807898640632629
0	0.4846479296684265
0	0.6425777077674866
0	0.7041922807693481
0	0.5472826957702637
0	0.5860329270362854
0	0.5671395659446716
0	0.6000669002532959
0	0.4014201760292053
1	0.36605405807495117
0	0.43610286712646484
1	0.4286442697048187
1	0.5918976664543152
1	0.632257342338562
1	0.5416457653045654
1	0.48108312487602234
0	0.23502583801746368
1	0.5198177099227905
0	0.5422447919845581
1	0.6743795275688171
1	0.7260547876358032
1	0.5277148485183716
0	0.4374375641345978
0	0.5516675114631653
0	0.5615856647491455
0	0.540937602519989
0	0.40883615612983704
0	0.4660698175430298
0	0.48184487223625183
0	0.4395102262496948
0	0.43427836894989014
0	0.6075440049171448
0	0.42953482270240784
0	0.45904144644737244
1	0.6970641613006592
0	0.5831800103187561
0	0.6702451705932617
0	0.5797622799873352
0	0.45970335602760315
0	0.5620611310005188
0	0.4457498788833618
0	0.21385976672172546
0	0.38483136892318726
0	0.45886677503585815
0	0.386087566614151
0	0.2521299719810486
0	0.5059800148010254
0	0.4130312204360962
0	0.3898438513278961
0	0.5030617713928223
0	0.46603429317474365
0	0.4414103329181671
0	0.5230374336242676
0	0.6517720222473145
0	0.6724134683609009
0	0.5029944181442261
0	0.36990559101104736
0	0.36336442828178406
0	0.31324946880340576
0	0.29335033893585205
1	0.4509131610393524
0	0.4285515248775482
0	0.5194531679153442
1	0.556078314781189
1	0.5782120823860168
1	0.6450510621070862
1	0.5418292880058289
0	0.4618641138076782
0	0.3913179337978363
1	0.4489652216434479
0	0.404706209897995
0	0.42386308312416077
0	0.4239239990711212
0	0.4401421844959259
0	0.4853459596633911
0	0.3849148452281952
0	0.6370681524276733
0	0.6396598219871521
0	0.6754843592643738
0	0.6826950311660767
0	0.5768384337425232
0	0.6603102684020996
0	0.6630836725234985
0	0.4923745095729828
0	0.4020080864429474
0	0.6405470371246338
0	0.6124683618545532
0	0.40723738074302673
0	0.5858961343765259
0	0.6383634805679321
0	0.5399776697158813
0	0.5940510630607605
0	0.6741234660148621
0	0.5024375319480896
0	0.42815080285072327
0	0.7040206789970398
0	0.6144789457321167
0	0.5126399397850037
0	0.3526057302951813
0	0.5117256045341492
0	0.3431037664413452
0	0.3827700912952423
0	0.5365906953811646
0	0.6518211960792542
0	0.5845715999603271
0	0.6961087584495544
0	0.5080152750015259
0	0.386830598115921
0	0.26888152956962585
1	0.4626181125640869
0	0.3344190716743469
1	0.49177664518356323
1	0.3395419418811798
0	0.4880787134170532
0	0.38363099098205566
0	0.5129457712173462
0	0.39703401923179626
0	0.6353086829185486
0	0.5704404711723328
0	0.3740498125553131
0	0.31762105226516724
0	0.4484211802482605
0	0.7766985297203064
0	0.7710559368133545
0	0.7389349341392517
0	0.7442492246627808
0	0.560413122177124
0	0.48766615986824036
0	0.4342651069164276
0	0.4101562798023224
0	0.32518595457077026
0	0.3604966104030609
0	0.2663189768791199
0	0.3638201653957367
0	0.2808833718299866
0	0.4659174680709839
0	0.38530027866363525
0	0.44132599234580994
0	0.4659574627876282
0	0.3077998459339142
0	0.4167589843273163
1	0.36035212874412537
1	0.46596118807792664
0	0.24820253252983093
0	0.22123828530311584
1	0.3307054936885834
1	0.33047062158584595
0	0.19961674511432648
1	0.5124947428703308
0	0.2850668430328369
1	0.38865354657173157
0	0.3112211525440216
0	0.3868240714073181
0	0.274945467710495
0	0.44159871339797974
0	0.4885960519313812
0	0.4118708372116089
0	0.388380765914917
0	0.4741109311580658
0	0.32162994146347046
0	0.5088502764701843
0	0.4268032908439636
1	0.41605716943740845
0	0.37290459871292114
0	0.36799389123916626
0	0.36066415905952454
0	0.32279595732688904
0	0.32356396317481995
0	0.5141597390174866
0	0.5375040769577026
0	0.5998252034187317
0	0.5823498964309692
0	0.41057679057121277
0	0.4864594638347626
0	0.3953249454498291
0	0.4160136878490448
0	0.3509161174297333
0	0.4506615996360779
0	0.3897797167301178
0	0.3520074486732483
0	0.3672955334186554
0	0.3729311525821686
0	0.27243709564208984
0	0.4199591279029846
0	0.48069486021995544
0	0.4410199522972107
0	0.5426651239395142
0	0.40327394008636475
0	0.28715237975120544
0	0.35396236181259155
0	0.2643710970878601
0	0.20346641540527344
0	0.2535305321216583
0	0.29637065529823303
0	0.31175175309181213
0	0.2749679982662201
0	0.2882099747657776
0	0.34799259901046753
0	0.29889029264450073
0	0.30263110995292664
0	0.5285469889640808
0	0.3864738643169403
0	0.26597860455513
0	0.286740243434906
0	0.21116051077842712
0	0.36159390211105347
0	0.2689417898654938
0	0.3123593032360077
0	0.3704778552055359
0	0.567223846912384
0	0.5046074986457825
0	0.35975977778434753
0	0.2806379199028015
0	0.39375630021095276
0	0.2290923297405243
0	0.19534292817115784
0	0.3408454656600952
0	0.2714851200580597
0	0.2615080177783966
0	0.4127151668071747
0	0.3229042887687683
0	0.26831528544425964
0	0.6371772289276123
0	0.46435683965682983
0	0.34096184372901917
0	0.3534944951534271
0	0.3981720209121704
0	0.38379982113838196
0	0.4004417061805725
0	0.5317419767379761
0	0.40845146775245667
0	0.28393813967704773
0	0.37093377113342285
0	0.32298344373703003
0	0.33363252878189087
0	0.3614189028739929
0	0.34449923038482666
0	0.37439289689064026
0	0.2917190492153168
0	0.2624993622303009
0	0.41414353251457214
0	0.41479137539863586
0	0.32097846269607544
0	0.3849937617778778
0	0.4088296890258789
0	0.49461913108825684
0	0.39335623383522034
0	0.45479312539100647
0	0.42786842584609985
0	0.3205235004425049
0	0.22290369868278503
0	0.34118685126304626
0	0.3094223737716675
0	0.1262991577386856
0	0.3200361728668213
0	0.18877871334552765
0	0.45161429047584534
0	0.39858680963516235
0	0.24277423322200775
0	0.31952112913131714
0	0.6279224157333374
0	0.5551992654800415
0	0.541343629360199
0	0.45877012610435486
0	0.47821617126464844
0	0.2722671329975128
0	0.34391722083091736
0	0.3799212574958801
0	0.17749838531017303
0	0.35590818524360657
0	0.22066350281238556
0	0.37562990188598633
0	0.32774969935417175
1	0.21807849407196045
1	0.2973431646823883
1	0.2794812023639679
1	0.28115493059158325
1	0.33358287811279297
1	0.41185319423675537
1	0.4241025745868683
0	0.37985897064208984
0	0.28558531403541565
1	0.5093820691108704
1	0.6573746204376221
0	0.4033908545970917
0	0.5199517607688904
0	0.5831319689750671
0	0.3590710759162903
0	0.3918331563472748
0	0.3082650899887085
0	0.4415375590324402
0	0.3140869140625
1	0.2468157559633255
0	0.2752412259578705
0	0.35637158155441284
1	0.27317631244659424
0	0.29238104820251465
0	0.3770439922809601
0	0.22575339674949646
0	0.4554486572742462
0	0.3118249773979187
0	0.39059191942214966
0	0.4198155403137207
0	0.21664394438266754
0	0.3786481022834778
0	0.40129372477531433
0	0.31624916195869446
0	0.5676699280738831
0	0.6021151542663574
0	0.3857581913471222
0	0.41719043254852295
0	0.38984668254852295
0	0.40316158533096313
0	0.3797526955604553
0	0.44792598485946655
0	0.2599659264087677
0	0.39281293749809265
1	0.38353613018989563
0	0.35489967465400696
1	0.702802836894989
1	0.6099860668182373
0	0.6642882227897644
0	0.49391400814056396
0	0.6401239633560181
0	0.6406012177467346
1	0.43104279041290283
0	0.35589900612831116
0	0.4940943717956543
0	0.3794774115085602
0	0.30856335163116455
1	0.35097891092300415
1	0.37656259536743164
1	0.3847026526927948
1	0.30044400691986084
1	0.3815608024597168
0	0.3301602303981781
1	0.2611301839351654
0	0.26406753063201904
0	0.3170149624347687
0	0.29270821809768677
